1 4 3
0 10 5
2 7 1
7 5 4
9 5 12
5 3 0
1 7 8
3 10 7
9 5 10
0 5 6
0 10 11
8 5 7
7 12 8
0 12 5
8 7 3
4 8 4
8 0 9
8 9 8
5 6 5
3 6 10
1 2 10
11 11 3
2 8 12
3 9 0
11 11 7
3 12 8
11 8 8
10 8 12
12 12 12
6 11 8
6 10 11
7 1 11
3 3 3
2 12 0
5 4 10
2 11 6
5 3 8
3 8 2
6 6 0
0 1 3
12 1 9
9 12 4
1 7 5
2 1 8
12 8 6
3 11 1
5 11 11
9 11 10
6 5 3
12 10 6
9 5 5
1 10 1
12 5 0
7 8 7
9 0 12
7 1 3
0 0 4
11 11 5
10 8 2
11 12 1
7 11 2
12 9 9
7 9 10
5 5 8
7 0 6
5 4 2
0 7 11
2 6 5
1 1 10
2 2 1
12 7 0
2 0 3
0 0 11
3 5 10
5 11 3
6 7 1
8 4 5
0 12 3
6 5 1
6 8 8
12 2 5
0 3 4
8 2 8
4 2 1
8 10 11
12 10 12
5 5 1
7 4 9
5 8 7
8 6 0
11 0 3
11 1 8
3 4 1
8 7 6
11 6 11
7 9 9
6 9 6
5 8 3
4 5 6
4 4 9
9 5 9
3 6 4
3 12 11
1 8 4
10 12 5
3 1 0
8 12 3
7 10 7
7 11 3
5 12 4
10 0 8
10 5 11
9 12 10
8 3 3
3 1 2
12 4 12
3 0 7
3 3 6
5 1 3
11 1 11
2 10 10
10 8 0
3 7 12
0 9 12
3 6 5
8 10 2
4 6 11
10 0 11
8 10 8
3 6 8
3 0 6
2 10 9
1 11 6
7 10 0
4 12 10
7 12 12
12 9 1
0 9 3
0 12 4
8 4 7
9 4 6
12 10 7
12 11 11
12 7 12
11 1 0
11 10 11
7 8 11
6 7 8
9 9 12
9 3 2
3 9 2
1 0 3
10 4 7
6 10 10
5 5 10
4 10 3
7 7 10
9 10 2
7 4 0
7 6 6
4 4 6
9 0 7
12 10 9
8 6 1
11 4 10
3 6 2
7 4 5
3 5 5
0 8 10
1 9 0
4 1 9
4 10 0
6 3 7
11 7 6
0 2 5
11 5 5
1 7 2
4 8 11
6 8 12
3 0 12
9 12 2
10 4 9
0 6 0
7 6 1
11 12 10
5 6 0
6 8 7
6 1 11
12 6 10
1 3 0
2 4 5
2 2 12
9 12 5
12 8 1
1 6 3
11 0 5
8 11 11
9 11 12
5 10 12
5 3 10
0 6 3
11 8 3
9 3 1
10 5 10
8 1 11
10 1 0
12 8 0
1 4 11
6 8 0
12 7 11
0 8 9
1 2 9
3 2 1
4 1 1
7 1 7
7 0 4
10 8 7
8 2 1
0 10 7
7 7 2
0 8 6
10 3 1
10 0 10
8 1 5
7 6 8
8 3 8
12 12 11
9 1 0
11 5 3
3 12 9
12 9 10
0 5 2
6 0 7
8 3 4
9 1 12
0 3 11
9 7 9
9 9 9
1 6 11
7 9 0
2 5 6
4 6 12
5 6 3
12 1 7
0 3 3
0 7 5
1 3 6
6 8 1
2 12 3
11 9 6
5 1 10
10 9 1
2 9 0
8 6 6
3 8 5
7 2 5
3 7 2
4 12 1
11 6 8
4 11 8
2 9 4
2 4 4
0 11 7
6 7 2
6 6 1
2 11 5
3 3 0
12 7 1
5 9 9
10 0 0
9 1 5
6 3 12
3 12 4
11 6 9
11 12 8
4 2 8
11 12 0
1 3 12
5 2 9
2 8 2
4 12 2
0 4 4
10 2 8
9 11 11
3 2 12
4 6 1
7 8 5
3 11 8
3 3 1
12 5 3
2 12 6
3 2 4
3 0 5
4 6 7
2 3 4
7 9 6
6 4 10
8 12 1
0 9 4
0 0 7
0 4 9
5 6 10
4 8 0
6 5 8
10 5 1
2 10 2
8 3 12
7 9 4
8 12 2
7 4 7
10 12 9
0 8 4
2 1 2
10 9 6
1 2 3
9 6 9
11 7 8
5 6 7
6 12 12
8 11 9
5 0 12
2 4 8
0 1 2
12 10 11
3 5 6
6 1 2
0 12 0
9 10 3
8 7 2
2 7 12
1 9 4
5 4 11
0 4 11
8 10 12
9 1 10
2 5 2
11 5 6
2 3 12
12 11 5
7 12 0
0 11 0
9 0 8
1 5 10
1 12 4
4 10 10
12 8 3
5 2 3
8 0 6
2 8 11
6 10 1
10 4 0
0 6 11
6 10 7
7 11 6
0 7 12
5 4 0
11 4 9
7 7 9
5 1 12
1 1 7
11 7 7
0 12 8
9 3 8
6 2 12
9 9 2
1 6 7
0 6 1
6 8 4
12 5 12
5 12 2
2 11 0
3 2 6
5 11 8
12 9 2
5 8 9
0 10 2
4 7 0
3 9 7
3 2 0
9 11 7
1 6 2
4 5 11
2 5 10
6 9 12
11 6 1
1 10 10
2 6 0
7 3 11
8 8 0
4 3 6
4 1 10
3 9 3
9 2 10
11 4 7
8 12 4
11 1 1
