5 8 1
6 12 12
1 4 8
9 8 2
5 1 4
0 3 10
11 1 2
12 10 9
6 6 1
10 5 1
5 6 6
1 3 5
8 9 9
2 1 11
5 8 8
2 8 3
1 2 8
9 8 7
6 6 6
1 0 0
9 11 9
1 7 7
5 12 12
11 1 1
8 0 8
6 6 12
2 3 10
6 1 8
1 1 7
0 3 3
9 11 10
2 12 5
6 6 10
12 12 11
8 9 0
2 1 2
11 1 6
2 10 5
1 0 1
2 1 1
0 7 0
11 1 11
5 2 7
6 12 4
11 2 1
8 5 11
7 11 7
3 11 3
12 4 10
2 7 3
2 8 0
11 0 7
10 6 5
3 3 2
0 3 9
1 1 8
12 9 3
1 11 7
6 3 11
1 1 9
10 2 9
6 0 8
2 3 2
8 6 1
1 2 6
2 8 8
2 7 7
8 11 3
3 3 3
6 8 3
12 12 10
5 9 0
9 7 9
1 8 8
8 11 11
1 1 11
9 9 9
9 12 7
11 10 1
3 8 9
0 2 9
11 7 1
9 4 10
1 8 0
9 9 7
1 3 10
7 1 1
2 10 10
11 0 0
3 2 5
1 8 9
3 11 11
10 10 6
1 1 4
8 11 10
9 10 2
6 6 2
5 8 6
5 2 6
6 0 6
8 6 11
0 12 7
0 3 11
11 10 6
1 8 6
3 11 6
5 5 0
8 9 4
0 2 8
9 7 8
0 7 1
3 9 12
1 2 7
10 10 12
9 3 3
1 4 12
11 11 3
9 8 0
11 3 11
2 5 2
2 9 11
2 7 11
3 11 10
2 7 1
7 0 0
12 12 3
12 12 12
2 9 12
1 6 8
6 5 6
1 2 5
8 9 12
6 6 3
2 7 2
6 12 0
11 2 6
5 12 0
2 3 7
3 5 9
8 8 10
2 1 7
3 5 12
5 0 9
0 7 9
6 6 0
5 5 11
0 0 11
12 12 7
6 0 0
0 2 7
6 0 12
10 6 6
9 7 0
10 3 12
11 11 11
11 2 3
6 10 10
0 9 7
5 7 9
11 9 2
10 2 2
0 12 0
1 9 12
5 5 2
9 8 9
5 12 9
8 10 11
2 0 12
8 8 12
5 1 8
1 7 1
0 6 0
8 6 3
5 5 1
1 11 6
9 7 7
1 1 10
1 9 2
3 10 11
5 5 9
5 8 5
0 1 7
2 8 5
5 4 12
9 8 8
9 7 2
10 3 10
8 1 10
8 5 8
3 2 6
5 9 12
9 2 7
1 2 10
2 1 3
2 8 10
5 5 8
10 10 10
7 7 3
2 11 8
8 1 3
10 5 2
3 9 9
9 2 12
2 2 5
1 7 11
6 6 11
1 0 6
5 2 8
1 0 9
12 12 8
10 7 9
8 4 12
6 2 6
6 11 3
3 10 3
3 3 10
2 11 10
1 6 1
1 2 1
10 3 3
6 1 1
11 11 1
1 8 4
0 0 7
9 2 8
8 1 0
7 11 3
11 11 0
3 2 3
0 3 12
2 6 1
1 11 0
6 1 2
8 6 9
11 3 10
2 5 7
9 11 12
12 8 12
9 4 9
6 2 3
8 9 8
9 8 6
10 0 12
1 3 4
3 2 10
2 11 9
10 3 2
2 11 6
8 9 7
1 7 2
12 8 8
9 8 1
12 0 11
5 2 9
3 10 1
11 2 11
2 10 2
10 2 10
6 1 3
6 1 6
10 6 10
5 6 5
8 5 6
2 9 3
8 2 12
1 8 10
3 7 3
1 1 3
10 5 6
0 0 0
11 11 2
9 3 11
11 7 2
9 2 10
11 10 11
8 6 12
7 7 7
6 9 2
5 2 12
6 8 1
0 7 2
2 11 5
2 2 2
12 11 11
2 6 2
2 3 3
2 3 5
1 8 3
7 1 7
0 12 12
2 2 6
2 1 9
8 9 2
2 3 8
2 2 10
10 10 2
2 0 3
8 8 9
11 2 0
3 11 2
8 0 1
7 3 7
6 2 2
10 6 8
11 11 10
11 2 10
6 9 4
12 10 12
11 9 9
0 6 1
2 1 6
2 5 8
11 7 11
1 11 10
2 5 4
10 3 9
10 3 7
7 11 11
5 5 5
9 11 3
2 8 6
2 11 4
1 11 9
7 11 2
6 12 2
11 9 12
2 5 6
12 10 2
0 11 0
2 2 3
10 12 0
7 0 7
6 2 1
7 1 11
6 2 10
6 8 0
6 5 8
2 5 5
8 1 6
6 10 3
7 7 1
6 1 10
11 2 2
11 2 9
6 3 10
10 3 5
3 10 10
2 2 1
5 6 8
6 6 5
8 0 0
11 3 2
3 5 7
8 2 9
7 7 11
0 7 12
11 1 0
12 6 2
8 11 8
10 2 6
7 3 11
11 11 6
0 2 1
5 9 7
10 11 6
5 12 2
3 6 10
2 3 6
2 3 11
1 1 0
3 3 11
11 1 10
12 4 6
0 1 1
9 9 8
9 7 1
11 10 10
0 11 2
2 2 7
10 3 6
12 6 10
0 2 2
1 11 2
11 2 7
10 11 10
0 0 1
7 3 3
1 8 12
1 0 7
5 3 7
