15 1 1 16 1
23 4 18 3 22
23 13 16 14 14
22 13 3 10 13
20 22 3 6 1
1 1 1 16 1
16 16 22 18 3
1 1 1 15 14
6 7 7 1 1
12 3 13 14 12
20 20 20 16 1
22 13 13 3 13
18 20 14 14 7
6 20 6 20 4
18 20 18 20 4
10 12 13 14 14
20 18 3 22 4
18 20 14 14 15
15 16 10 13 14
20 20 6 1 20
1 1 1 16 12
13 12 14 13 12
12 12 7 3 7
13 23 23 13 16
13 13 15 1 14
22 22 22 13 22
3 3 20 20 1
13 13 1 15 15
18 18 3 13 16
1 1 7 1 1
22 3 23 4 22
18 14 14 12 15
6 6 20 1 6
1 20 1 20 20
12 12 6 6 12
12 22 12 22 22
18 12 13 3 12
16 16 16 13 13
1 1 1 15 16
16 1 16 20 15
4 4 4 6 6
20 3 16 3 16
15 15 1 15 13
16 23 4 22 14
4 3 22 13 4
12 13 22 13 14
18 20 3 4 22
12 12 22 12 22
15 16 10 10 15
23 23 22 4 22
20 20 1 16 16
18 20 6 14 1
12 6 7 1 6
14 12 14 14 14
18 20 20 4 3
1 7 7 1 7
23 23 6 22 14
12 12 13 13 22
23 22 23 22 22
18 18 4 22 3
6 6 20 4 1
15 13 15 1 10
3 13 3 13 16
1 6 7 7 12
3 3 13 15 16
18 12 12 20 6
18 6 20 6 1
18 18 22 12 22
18 18 13 16 16
22 16 23 22 3
20 16 16 20 18
18 6 1 6 12
3 16 3 20 16
4 20 20 22 3
18 4 22 3 16
14 14 18 6 14
12 13 3 12 15
18 4 3 23 18
18 12 22 12 13
18 4 4 4 6
20 22 3 1 4
1 20 3 14 6
15 1 20 15 1
7 1 1 7 1
18 12 18 22 13
18 4 4 6 4
1 6 6 7 3
10 14 14 13 12
18 4 4 6 6
12 12 6 7 1
3 13 16 16 13
23 4 13 14 18
4 4 22 22 4
7 1 1 1 1
14 18 14 14 14
6 6 4 6 1
6 1 6 3 12
23 16 10 14 13
22 13 23 22 3
16 16 13 13 3
20 20 20 3 6
6 1 7 6 14
20 18 20 18 20
12 12 6 7 6
15 13 15 1 13
18 12 6 12 1
23 16 4 16 18
12 12 18 6 6
15 15 1 15 15
20 4 20 6 4
22 22 3 16 23
16 16 16 14 13
23 23 22 6 16
18 4 16 23 16
20 3 16 3 20
18 14 14 18 1
6 20 6 20 6
16 13 23 14 14
6 7 1 1 1
13 12 14 14 13
6 6 1 20 1
1 12 1 14 6
12 22 22 12 13
20 18 20 20 18
1 1 1 7 12
4 22 3 1 22
23 4 13 14 22
1 6 7 7 1
16 16 16 14 12
3 13 16 13 13
12 15 13 14 12
3 3 3 3 3
24 16 22 3 14
6 6 1 1 20
20 22 3 7 4
12 13 14 12 3
18 4 3 23 22
18 6 6 20 14
18 12 12 22 22
18 18 12 6 1
16 18 14 14 14
13 10 14 14 14
4 22 3 13 20
3 13 3 16 13
20 14 12 14 18
13 13 15 13 15
13 13 15 15 15
12 18 12 22 13
23 4 22 22 23
18 16 4 22 16
16 10 22 14 14
1 6 12 3 7
20 14 14 14 3
20 20 20 20 1
18 18 18 22 13
18 18 3 23 18
18 18 23 18 22
1 1 1 1 1
6 6 6 4 7
20 4 20 20 3
4 20 4 3 3
16 20 16 16 16
16 16 23 18 4
23 16 4 23 18
1 20 20 1 16
18 22 4 4 23
20 18 20 4 6
23 4 16 14 22
13 22 3 14 18
1 7 1 7 7
18 20 16 22 3
20 16 18 23 14
12 12 18 14 6
14 3 12 15 7
18 18 12 1 6
12 3 15 12 15
24 16 22 13 14
20 20 20 18 18
18 14 12 14 1
20 3 14 1 14
23 23 4 23 20
16 18 14 14 12
22 16 16 13 6
6 6 6 1 6
20 20 1 20 16
15 15 13 15 1
3 16 16 3 16
18 12 12 6 15
4 4 6 4 6
18 18 18 6 12
13 13 1 15 10
6 6 4 20 1
20 1 20 16 1
18 18 3 13 18
18 6 20 1 6
18 4 22 3 20
20 18 3 22 20
18 18 13 12 22
4 4 3 3 22
16 10 10 15 14
3 16 3 16 16
22 16 13 20 14
20 20 6 20 1
20 6 1 12 7
3 3 15 15 13
22 23 22 13 13
14 3 12 15 15
12 13 12 3 15
4 3 22 1 3
12 3 12 7 7
20 4 20 20 4
23 4 16 22 14
18 6 6 7 14
15 15 15 1 15
6 1 6 14 3
1 16 15 20 1
3 3 3 7 1
1 12 1 6 14
3 3 7 1 7
16 16 22 18 6
20 4 4 20 6
18 12 22 12 22
23 22 22 23 22
6 7 1 1 7
4 3 22 3 22
18 12 13 18 22
14 12 18 14 1
16 14 14 14 15
14 14 18 20 14
22 13 22 13 22
18 18 20 20 4
4 3 4 3 22
23 4 22 22 4
12 15 3 12 13
18 14 14 12 14
18 22 4 4 3
3 13 3 15 13
13 3 13 15 13
14 14 14 15 13
18 18 18 1 6
20 20 16 18 16
13 22 3 10 13
12 14 18 14 14
12 12 3 7 3
23 4 16 23 6
20 20 6 1 1
12 13 22 13 12
20 14 14 12 18
12 13 14 14 13
18 6 6 6 14
10 14 14 12 13
1 7 1 7 1
18 16 16 4 23
6 6 6 1 7
20 1 20 20 1
12 12 18 6 14
4 6 20 4 20
12 12 18 6 18
1 15 20 1 15
18 14 18 1 14
16 16 23 16 16
20 1 20 1 16
3 3 3 3 1
13 15 1 10 12
4 20 6 20 20
6 6 1 1 6
1 6 7 12 7
20 20 18 16 18
18 4 6 20 6
13 15 15 13 15
13 22 3 13 14
15 1 15 1 10
20 1 20 20 20
20 20 16 22 4
15 13 15 15 13
20 1 6 1 3
15 15 1 1 15
23 23 23 4 14
16 16 16 14 18
18 12 6 18 1
3 13 13 15 13
14 18 14 13 14
18 20 6 1 14
1 6 7 7 7
23 23 4 20 18
6 6 7 6 1
23 4 18 22 4
4 4 4 4 6
10 14 13 12 12
6 6 6 1 20
15 10 10 10 15
13 13 10 10 13
20 20 6 1 3
16 13 16 13 3
1 6 1 20 1
3 13 16 13 16
1 6 7 6 12
20 20 1 16 20
22 3 22 3 6
20 20 22 20 3
6 20 1 1 6
18 4 16 23 22
6 6 6 4 20
18 18 13 16 18
20 18 4 20 20
12 18 14 6 1
20 20 18 16 20
14 12 3 15 15
20 4 4 3 22
20 20 4 4 3
1 1 1 14 15
14 18 14 16 14
3 3 15 15 15
6 1 6 1 20
18 4 3 22 16
13 15 15 13 1
18 18 12 6 18
20 1 6 1 16
3 3 1 6 7
18 18 4 4 4
15 1 15 1 15
1 20 3 12 6
1 6 12 7 3
3 20 3 20 16
1 1 1 1 16
20 4 4 3 6
10 10 22 3 14
12 12 18 1 14
20 18 20 20 3
18 6 6 12 6
18 6 12 6 1
12 14 6 1 14
23 22 4 22 22
14 12 14 18 20
3 20 1 6 7
12 22 12 13 13
14 3 12 15 14
4 4 22 4 22
18 12 14 14 14
20 1 6 1 4
23 22 4 22 23
3 3 1 1 6
20 18 20 16 20
22 22 13 13 22
18 22 4 3 16
20 22 3 7 22
18 4 3 16 18
15 15 1 13 10
20 3 16 16 14
18 18 20 20 20
6 6 20 6 1
4 22 3 22 3
14 3 12 1 15
23 13 23 16 3
7 7 1 1 1
23 16 16 16 13
20 20 18 18 16
22 13 3 13 14
23 18 4 22 22
12 3 15 14 3
22 3 3 22 3
6 1 7 6 3
1 1 1 12 6
20 20 22 3 20
23 13 23 16 13
3 1 1 6 1
20 4 18 3 20
13 13 13 13 14
1 6 6 12 3
23 23 4 22 14
3 20 16 16 3
15 15 1 15 1
23 4 22 16 4
12 3 1 12 7
18 18 12 12 6
18 6 6 1 6
20 18 3 4 22
15 15 15 1 1
6 7 7 6 7
12 15 13 14 3
22 3 22 3 22
20 6 20 20 6
23 23 23 23 23
20 20 18 22 3
20 20 16 18 18
23 22 4 23 4
20 3 1 14 12
18 4 3 22 18
18 4 3 18 3
6 6 6 20 20
1 6 1 6 1
1 6 7 12 1
1 1 7 7 7
14 12 6 1 14
13 13 15 1 13
22 22 3 3 4
23 23 23 22 20
20 16 18 22 3
4 4 6 20 20
18 12 13 18 3
12 18 12 6 14
1 3 20 6 12
12 12 12 18 6
23 23 6 14 22
13 14 12 22 13
22 22 13 23 13
12 12 6 18 1
23 13 16 23 13
12 12 12 3 3
18 12 18 1 6
6 6 20 20 6
22 16 10 10 14
18 12 14 6 18
6 6 1 1 1
16 23 4 6 14
23 23 23 22 22
15 15 13 1 1
23 13 13 23 16
6 6 7 7 7
16 15 14 14 14
3 3 7 6 1
22 3 3 6 22
24 16 22 3 13
1 6 7 12 6
6 7 6 7 7
18 22 4 22 4
18 18 4 3 22
16 23 20 18 23
16 1 15 20 1
14 14 14 14 12
23 13 16 16 23
12 22 12 22 13
23 23 22 22 4
18 20 3 22 4
20 20 16 16 1
18 12 12 12 18
6 20 20 6 20
20 18 20 4 3
23 23 4 23 4
14 18 14 14 12
18 12 13 22 13
23 23 6 22 20
23 23 6 18 3
6 7 7 7 6
14 18 14 12 14
1 7 7 7 7
10 14 14 14 13
23 23 23 23 4
18 14 13 12 14
14 14 15 12 15
20 18 20 4 20
12 22 22 13 13
6 6 20 6 20
18 14 13 14 14
14 14 14 14 14
16 4 23 22 4
6 6 7 1 1
4 22 3 13 4
22 16 16 13 4
4 3 4 22 3
14 14 12 14 14
12 12 18 6 1
20 20 18 16 16
22 22 23 13 23
4 4 22 3 4
13 15 15 15 13
12 12 12 3 7
12 12 12 22 22
23 23 16 22 16
6 6 1 7 7
4 22 3 16 22
13 15 1 15 13
22 22 13 13 3
18 4 22 16 4
15 13 1 14 14
1 1 16 16 14
20 20 1 20 1
12 12 3 13 15
16 23 4 18 3
18 12 18 14 6
3 20 16 16 20
3 1 1 1 6
23 16 20 18 22
3 1 6 6 3
20 3 16 16 3
16 23 16 23 16
12 13 12 13 22
6 6 4 20 20
1 20 20 1 20
3 15 3 15 15
1 1 7 1 7
13 10 10 13 14
20 20 22 3 16
13 3 13 13 3
22 22 4 22 4
18 14 14 12 1
12 12 13 3 12
22 22 3 3 3
6 1 20 6 1
18 12 14 6 14
16 16 16 23 12
6 6 7 1 7
18 12 23 18 13
14 12 14 6 1
20 6 1 6 1
13 14 12 12 13
12 12 22 12 3
23 18 22 4 4
18 12 6 6 7
20 16 18 16 14
16 10 13 14 14
22 3 6 3 13
18 18 20 4 20
6 7 7 6 1
12 13 14 15 12
3 20 16 16 16
20 1 6 16 3
23 23 23 22 16
18 12 18 6 12
1 6 7 1 1
18 22 4 18 3
18 14 14 14 6
23 22 23 22 4
13 22 3 23 6
6 7 1 7 1
3 3 20 16 16
3 16 16 16 15
23 18 22 22 4
14 18 14 16 13
20 18 20 16 18
12 3 13 12 15
18 14 18 14 1
7 6 7 1 7
18 6 6 1 12
12 13 13 22 14
20 20 6 1 6
3 13 16 3 13
12 1 6 12 6
12 12 18 1 6
7 7 1 7 1
1 20 6 1 1
18 22 4 16 22
20 20 18 3 4
18 4 20 18 16
3 16 3 13 16
12 6 7 14 6
15 1 1 10 14
22 3 3 22 7
1 16 15 20 14
6 7 6 1 7
18 20 14 14 14
23 13 3 10 23
1 1 1 7 15
13 15 15 15 1
12 18 12 18 12
23 13 3 10 14
12 6 1 14 14
18 18 20 20 3
20 16 18 22 20
16 23 4 14 6
15 20 1 16 15
18 4 23 16 16
15 15 15 13 1
23 4 22 4 23
23 4 13 22 14
3 1 6 1 20
23 16 13 16 16
18 6 20 14 1
22 16 16 13 22
13 13 15 15 1
1 6 7 7 6
1 1 16 16 1
20 16 14 14 6
20 20 20 20 16
22 22 3 23 4
3 13 16 13 3
20 4 20 20 6
12 12 13 3 15
12 3 3 7 7
20 1 15 16 16
18 6 12 6 7
6 6 7 6 7
18 20 20 20 4
23 16 16 23 16
22 3 14 6 13
16 3 13 16 13
23 16 16 18 4
18 14 12 6 14
15 1 1 16 15
18 4 22 3 4
20 18 20 6 20
3 13 3 15 15
23 4 22 18 4
13 15 15 15 15
20 4 20 3 4
18 12 13 3 18
16 13 3 13 16
1 1 16 16 16
12 22 22 13 12
20 6 14 7 3
1 1 1 16 15
6 1 7 7 14
18 4 16 22 3
12 6 1 14 6
6 1 6 20 1
18 18 20 1 14
23 4 22 23 4
18 14 12 6 1
16 16 3 16 16
13 13 1 14 14
3 1 1 1 20
12 3 15 13 12
18 18 12 12 18
16 23 16 16 16
18 4 20 6 20
12 18 12 12 6
3 3 13 15 15
18 18 12 6 14
18 12 14 12 1
13 14 22 3 14
12 3 12 7 3
23 23 4 16 23
18 12 13 22 14
22 13 13 3 3
3 3 6 1 7
16 23 20 18 22
13 13 10 14 13
18 18 18 12 6
16 16 22 18 14
18 12 12 18 6
16 4 23 20 22
12 13 13 14 22
15 15 13 1 15
14 14 15 12 3
15 1 16 14 15
18 12 12 12 6
12 22 12 13 22
12 12 18 12 6
23 13 23 3 13
20 6 20 20 1
20 4 20 3 22
20 20 18 20 18
7 7 7 7 7
20 20 20 20 4
20 22 1 3 12
14 3 14 14 14
12 22 13 22 12
22 16 10 14 13
18 12 14 1 6
6 6 1 7 6
4 4 3 22 3
12 12 3 7 1
4 3 6 3 22
6 20 20 20 6
10 10 22 13 14
12 18 12 1 6
18 12 18 6 1
16 16 16 13 16
18 12 18 12 18
18 12 13 22 12
20 18 20 6 3
6 20 20 6 1
18 12 12 1 6
18 18 23 16 13
15 15 13 1 13
1 20 6 1 7
18 6 12 6 6
14 18 16 14 13
23 16 13 14 14
22 13 13 3 22
23 4 16 18 3
18 16 4 22 3
16 16 13 3 13
15 10 10 13 14
16 16 23 14 14
16 23 20 18 16
1 12 1 12 6
20 6 14 3 7
1 1 16 1 14
14 3 12 15 1
16 16 16 20 16
13 22 3 14 22
12 13 3 12 14
18 22 4 16 4
20 20 20 1 6
22 13 13 22 3
24 10 22 3 10
18 18 6 14 14
12 22 13 13 22
14 20 18 14 14
20 20 20 1 16
14 3 14 12 1
18 12 22 13 12
18 12 22 12 18
13 1 15 14 14
12 13 22 12 13
14 18 14 14 6
12 12 12 22 3
20 4 4 20 20
20 7 6 3 12
1 7 1 1 7
20 16 18 3 22
13 13 13 10 13
4 4 22 3 3
1 1 1 1 15
1 1 1 12 1
7 7 7 7 1
23 4 22 20 18
3 3 15 16 15
12 22 13 22 13
13 23 13 16 14
1 6 1 7 1
13 16 14 14 14
23 18 22 4 22
16 4 23 6 23
22 22 13 22 13
20 6 20 6 20
6 1 7 1 1
12 14 12 14 14
12 14 6 1 6
3 13 13 3 15
22 16 16 10 14
18 4 22 3 18
12 18 12 18 22
15 1 1 15 10
6 6 4 6 20
1 7 7 7 6
1 1 1 20 20
20 20 18 3 22
4 22 4 22 4
20 20 16 1 16
18 6 20 14 6
13 10 10 10 15
22 4 3 22 20
22 22 22 4 4
1 1 1 14 14
23 13 3 10 13
24 10 22 3 14
13 10 10 10 13
10 14 12 13 13
3 20 3 20 1
3 1 1 20 1
23 22 4 4 23
14 14 18 6 1
1 1 1 12 14
3 3 1 20 20
23 22 4 4 22
6 7 3 12 22
13 14 22 3 6
20 20 6 3 1
18 20 4 20 18
16 1 16 15 1
23 4 4 23 18
18 6 6 20 6
3 13 13 3 13
18 4 20 16 18
12 1 6 12 14
18 14 14 18 14
20 1 6 1 20
1 6 1 1 6
22 3 6 13 3
4 20 6 20 4
15 1 1 16 14
23 13 23 16 16
1 1 20 20 20
18 22 4 4 22
20 16 20 22 3
23 23 4 12 3
20 14 14 14 6
4 20 4 3 6
4 6 20 20 4
3 3 15 16 16
13 4 14 13 22
3 13 3 13 15
23 23 4 16 16
12 12 13 3 13
18 12 13 3 14
15 16 10 10 14
18 20 18 20 20
3 1 6 14 6
3 13 13 15 3
15 1 1 1 15
12 18 12 22 12
1 1 20 1 20
20 20 20 1 20
3 3 1 1 1
23 22 22 23 4
18 18 18 6 1
20 4 20 4 6
18 22 4 22 20
4 20 20 6 20
12 18 12 6 12
1 1 7 7 1
20 6 14 3 12
1 1 1 12 7
16 13 14 14 15
18 12 6 18 12
3 1 20 6 1
20 14 12 14 14
18 16 16 4 22
20 18 20 20 6
1 7 6 7 1
18 6 6 1 18
13 15 1 13 15
3 20 1 6 14
18 18 14 14 7
13 22 3 14 13
12 12 13 12 3
7 7 1 1 7
12 18 12 22 22
4 4 6 4 20
14 20 18 14 12
3 13 13 13 3
3 3 16 16 15
6 6 20 4 20
12 22 13 12 13
22 3 22 3 7
23 22 4 23 22
3 15 15 15 13
6 7 7 7 1
18 4 20 20 18
3 16 16 16 3
20 4 20 4 3
12 3 12 7 1
3 20 3 16 16
13 13 15 15 13
14 3 14 14 12
1 1 1 1 12
23 13 3 23 14
15 1 15 1 14
4 20 4 3 7
23 23 22 16 4
18 18 1 14 14
18 20 4 20 6
22 22 23 13 22
18 4 6 4 20
3 3 16 20 16
18 6 1 12 6
3 3 16 15 15
3 13 3 13 13
12 6 7 12 1
16 16 14 15 14
12 12 6 20 18
15 15 15 1 13
13 15 13 1 10
13 13 3 13 3
6 6 6 1 1
20 16 18 23 18
12 13 14 13 22
14 14 15 3 12
13 12 14 14 22
18 4 20 20 1
3 3 3 1 1
22 13 3 13 13
23 23 4 23 22
18 18 22 4 22
20 22 3 1 12
6 1 7 14 6
18 4 20 20 6
13 13 13 10 14
15 1 1 20 15
18 6 1 6 14
6 6 6 7 1
23 22 4 22 4
6 7 3 22 15
13 10 10 14 14
18 4 22 16 23
1 1 16 16 3
3 20 3 16 20
18 12 14 20 6
6 6 4 20 6
20 14 6 3 12
20 16 16 18 12
1 1 7 7 14
18 12 12 6 12
18 18 4 20 20
1 7 7 7 1
18 16 18 13 14
13 12 14 14 14
18 20 20 4 20
18 18 18 18 6
12 14 14 12 14
4 22 6 4 3
18 18 6 14 18
12 15 13 3 12
20 6 20 1 20
18 12 12 6 14
13 13 13 13 10
20 14 14 14 14
23 13 20 14 14
10 22 3 14 14
23 23 4 14 22
18 12 22 18 22
23 16 16 13 16
23 4 22 18 22
15 1 1 15 16
22 22 3 22 3
18 12 12 18 12
12 12 6 18 6
20 20 22 3 4
13 13 13 15 1
16 16 16 16 20
18 6 6 12 1
1 1 1 14 12
18 20 14 14 6
12 13 14 12 13
3 3 16 16 13
18 4 6 6 20
23 4 20 22 18
3 20 16 3 16
14 14 14 15 14
13 10 14 14 15
18 4 6 20 1
22 16 13 16 4
4 6 4 20 6
22 13 3 13 3
13 23 23 13 23
16 13 3 16 13
23 23 23 20 22
1 14 12 14 14
12 12 13 12 22
18 12 12 13 22
16 1 16 15 20
23 13 16 13 23
13 15 13 15 15
15 1 16 1 15
13 12 14 22 13
18 12 13 13 22
15 15 13 15 15
15 1 1 15 20
20 1 6 1 6
15 15 13 15 13
4 6 4 20 20
12 12 18 12 18
20 20 20 20 20
3 13 16 16 15
1 20 1 20 1
18 18 14 1 14
6 1 6 1 7
18 18 4 20 3
18 14 12 14 15
16 16 16 16 3
1 14 14 12 6
18 14 12 3 14
18 12 6 18 14
23 23 4 23 14
6 20 6 1 20
6 6 1 7 1
13 13 14 14 14
18 18 23 16 18
13 15 1 14 14
23 23 22 22 23
22 3 22 16 23
18 18 6 1 18
1 1 1 7 7
4 4 4 6 4
22 3 3 12 6
12 14 14 14 14
3 16 20 3 16
12 13 14 3 12
18 14 14 13 14
18 20 22 3 16
23 4 18 3 4
18 4 23 3 22
16 16 10 13 14
1 1 1 1 7
23 4 13 14 14
22 13 22 13 3
4 20 20 6 6
6 7 7 1 6
18 12 6 6 6
13 13 13 13 13
20 16 16 18 14
15 15 15 15 15
13 10 10 14 15
23 22 22 22 23
18 14 14 14 14
20 14 12 18 14
15 1 1 1 16
12 12 6 7 7
24 10 10 22 3
12 12 13 13 3
1 1 16 1 16
20 18 16 22 3
18 4 6 20 4
15 16 13 14 14
6 7 6 7 1
12 3 7 12 3
16 22 14 3 14
1 6 1 20 7
15 15 1 13 1
23 23 22 23 4
16 4 23 22 20
22 3 22 23 20
1 1 1 7 1
3 20 1 6 12
1 1 7 1 12
13 15 13 1 15
20 6 1 1 6
20 20 1 20 20
13 10 10 10 14
12 3 15 14 13
23 23 22 23 22
13 22 1 14 14
12 18 14 14 6
12 18 14 14 14
22 3 14 3 6
1 6 1 20 20
1 6 12 1 7
16 23 4 6 23
23 4 16 14 18
23 16 16 16 23
22 22 13 23 23
22 13 22 13 13
7 1 7 1 1
3 20 1 6 1
20 1 20 16 16
12 6 7 6 1
13 12 14 22 14
18 12 12 6 20
16 16 23 18 6
12 12 22 22 12
14 12 18 14 14
16 16 13 16 16
18 18 20 14 1
6 6 7 1 6
13 16 16 14 12
18 6 20 1 14
20 16 18 16 18
23 16 20 18 23
3 16 16 20 3
3 3 20 20 20
15 10 10 10 13
23 18 4 22 4
20 18 4 20 3
10 13 12 14 12
14 18 16 14 14
16 16 23 16 18
18 20 14 14 1
3 16 16 13 3
20 4 20 22 3
16 16 14 14 15
3 3 16 15 16
20 20 20 16 16
18 16 4 16 23
18 12 13 22 18
14 3 12 15 3
18 18 13 22 12
15 15 15 15 13
18 18 4 4 20
23 13 16 23 16
12 13 12 3 13
14 12 1 6 14
16 16 20 16 16
7 1 7 1 7
23 20 22 14 12
20 3 16 16 16
6 1 6 1 6
4 20 6 20 6
3 3 15 13 15
13 13 15 1 15
6 1 14 7 6
23 20 16 18 23
20 20 6 1 4
14 3 12 1 14
13 14 12 14 12
23 16 4 23 20
12 3 15 14 12
18 20 4 20 20
18 4 23 16 22
18 4 6 4 6
13 16 23 14 14
3 1 20 1 6
18 12 20 14 18
22 13 22 13 23
20 20 20 4 20
16 16 16 16 16
12 3 1 12 3
18 18 4 20 4
1 15 20 16 1
22 22 22 3 3
1 6 20 1 20
6 1 7 1 7
1 12 1 12 14
12 3 15 14 15
23 23 16 23 4
13 13 13 15 13
6 6 6 4 6
23 16 22 6 14
18 18 14 14 6
23 23 16 4 22
16 16 16 13 12
1 6 7 6 7
23 23 4 16 18
13 13 15 1 10
12 3 7 7 3
22 13 22 23 13
22 3 3 22 6
20 6 14 3 14
12 22 13 22 22
18 18 6 14 1
18 18 12 13 22
13 14 12 22 14
18 14 14 14 20
20 16 14 14 12
22 16 13 4 3
20 18 22 3 20
4 6 20 4 6
18 16 16 16 4
4 3 1 22 6
16 16 23 16 20
15 1 1 15 1
18 18 14 6 14
20 3 22 6 13
12 22 13 12 22
23 13 23 13 16
18 22 4 16 16
16 16 18 14 22
18 18 12 6 12
16 16 16 10 12
12 12 12 3 22
3 3 16 16 20
16 23 16 16 23
23 16 22 14 12
18 18 20 14 6
4 20 6 3 22
4 22 4 4 22
23 23 4 12 13
1 1 7 6 12
18 18 18 12 18
6 1 1 7 1
18 12 13 12 3
15 1 1 15 18
23 13 23 3 16
20 7 6 3 7
1 6 1 7 6
13 20 14 14 15
12 12 13 22 12
20 16 16 16 3
3 1 1 6 20
12 6 14 7 1
22 16 13 20 22
6 6 6 20 1
18 6 14 7 1
4 4 22 4 3
12 3 13 15 12
16 16 13 14 14
12 12 18 14 1
18 18 3 14 14
6 7 7 7 7
23 23 23 23 22
6 6 6 4 1
22 3 22 3 3
12 12 3 15 13
13 10 10 14 13
18 4 6 20 20
1 1 7 6 7
22 16 16 14 13
18 18 18 18 12
18 12 6 6 1
18 18 13 23 18
20 18 14 14 15
12 3 15 12 13
13 22 3 10 22
18 4 23 22 3
18 6 6 12 7
16 15 1 10 14
12 12 3 7 7
18 18 12 23 22
23 20 23 4 18
18 18 18 13 23
23 13 3 13 14
13 23 16 13 14
16 3 20 16 16
13 14 12 14 14
1 1 1 16 16
12 18 12 6 1
22 16 16 10 12
20 20 18 4 3
1 7 6 7 7
1 1 7 7 12
18 12 18 6 14
1 12 1 14 12
23 4 20 22 16
1 1 1 16 3
24 16 22 3 10
20 16 20 18 16
18 4 3 18 22
20 4 20 18 3
1 7 1 1 1
20 20 16 18 20
12 13 14 22 13
16 15 20 14 14
7 1 7 7 1
23 23 20 4 23
20 4 4 3 3
23 23 6 22 16
18 22 4 18 22
23 13 16 14 13
3 3 1 7 7
18 18 18 12 12
22 22 4 22 3
10 14 14 14 12
23 23 22 22 16
22 22 13 13 13
22 22 22 22 23
20 16 20 16 14
12 12 22 22 22
13 3 13 3 15
4 3 4 3 7
7 7 7 1 1
20 18 4 20 6
18 12 14 14 15
20 22 3 7 3
6 6 20 20 4
18 18 23 13 18
18 12 12 6 1
22 3 22 3 1
13 22 3 23 14
15 16 10 14 15
3 3 13 15 13
12 12 13 22 13
22 16 16 13 14
1 1 16 14 14
20 18 20 3 4
1 15 20 16 15
16 23 16 18 4
18 6 6 1 14
18 12 18 12 6
22 3 16 18 13
3 3 13 16 15
16 13 16 16 13
16 13 14 14 14
1 6 6 7 12
18 12 12 6 18
16 23 4 23 20
20 20 18 18 20
18 14 14 14 18
18 4 3 16 22
18 18 12 22 22
20 22 3 6 3
14 18 14 14 13
18 18 22 12 13
18 20 6 1 6
12 3 12 15 13
20 14 14 14 15
18 20 20 20 18
14 14 14 13 15
12 18 12 12 18
12 12 6 18 20
12 3 7 7 7
3 3 3 1 7
18 4 20 6 1
16 13 16 14 12
12 6 12 7 7
12 3 7 3 7
18 12 14 14 6
15 1 1 16 20
4 20 20 6 4
14 14 18 20 6
12 12 12 3 12
15 1 20 15 14
12 12 6 6 7
13 12 14 13 22
6 6 20 20 1
18 12 12 20 1
12 22 13 13 12
20 20 1 6 3
15 15 13 1 10
18 12 13 3 22
23 23 4 23 16
23 16 16 13 23
14 14 14 12 14
4 22 3 3 22
16 1 16 16 15
20 6 20 6 1
22 4 3 4 13
4 4 6 20 4
20 14 14 6 3
16 16 16 14 14
18 12 6 12 18
13 13 10 13 14
3 13 15 13 15
18 12 13 12 22
18 20 22 3 4
13 15 15 1 13
18 12 22 18 13
1 20 3 14 12
18 4 22 3 23
18 12 13 13 14
23 20 22 4 14
3 13 15 15 13
16 3 13 13 16
6 1 7 14 7
3 13 13 3 16
3 16 16 3 13
12 18 12 6 6
6 6 7 7 6
10 14 14 14 15
18 18 4 4 3
18 12 6 14 14
18 6 6 6 12
16 3 16 16 16
22 4 3 22 4
16 15 10 14 14
12 6 1 12 6
15 1 16 1 14
13 13 13 13 15
3 3 15 16 13
1 1 20 20 1
13 13 10 14 14
20 20 16 22 3
22 13 3 13 22
12 6 12 1 7
18 18 12 22 13
20 6 7 3 7
4 3 22 1 6
10 13 22 14 14
22 23 13 22 13
24 10 22 3 13
18 12 6 14 18
18 3 14 18 13
4 20 3 4 6
7 7 7 1 7
18 6 6 6 1
20 4 20 4 20
15 20 1 16 16
20 18 22 3 4
3 3 15 15 16
1 1 1 1 14
16 14 18 14 14
6 6 1 6 1
24 16 22 13 3
13 13 15 13 1
13 22 3 14 14
18 18 13 12 13
12 13 12 13 3
15 13 15 15 15
16 16 13 13 16
23 23 23 22 23
14 14 18 14 6
15 15 1 1 1
20 20 20 1 1
14 3 12 3 15
13 22 3 14 23
12 1 6 14 6
22 13 22 23 3
23 23 22 6 14
3 3 16 16 16
20 20 18 20 16
20 20 20 6 3
16 16 16 23 18
16 13 16 3 13
12 3 13 14 15
14 3 12 15 12
1 1 1 16 14
18 6 6 6 18
18 12 20 14 6
15 1 20 1 15
1 7 7 6 1
23 23 22 22 20
3 16 3 16 13
3 3 1 7 6
13 12 22 14 13
23 16 22 6 23
3 3 7 1 6
1 1 19 14 14
6 1 1 1 7
18 18 12 13 23
20 20 20 6 1
15 16 10 14 14
15 1 15 1 1
16 23 16 18 20
22 22 22 4 3
18 18 20 4 3
18 4 6 6 4
20 18 20 20 16
13 14 12 14 22
23 16 13 16 23
4 4 22 22 3
20 1 20 1 20
23 23 4 23 10
20 1 6 3 14
6 20 1 6 1
20 20 6 20 6
18 14 14 20 14
3 3 20 1 20
23 23 23 16 22
18 14 14 6 12
12 6 1 14 12
18 18 18 23 13
6 7 6 1 1
22 22 22 13 13
1 1 7 7 6
6 1 1 1 6
18 18 12 18 6
12 1 6 14 14
10 14 13 12 14
3 3 20 20 16
12 22 22 13 22
14 14 3 12 15
20 20 4 3 22
12 12 18 12 1
1 1 1 7 14
6 7 7 1 7
22 3 10 18 13
16 16 16 3 16
3 1 6 3 6
1 12 1 6 12
22 22 22 3 4
20 20 16 16 14
16 23 4 23 18
18 12 18 22 22
6 6 1 1 7
1 1 1 14 7
3 16 16 16 16
18 13 14 12 14
18 12 22 13 18
16 13 16 13 16
6 6 20 1 20
16 23 4 6 22
18 20 14 6 1
23 16 10 10 14
16 15 1 14 14
20 16 16 20 14
16 16 10 10 12
3 20 3 20 3
3 16 16 16 13
1 6 7 12 3
