18 18 10
25 14 10
9 25 8
25 9 25
22 10 25
3 25 20
21 25 11
1 13 9
24 8 6
8 22 8
13 10 22
0 23 21
9 14 20
18 1 18
3 20 11
17 23 17
8 3 3
7 7 14
9 17 9
11 14 25
18 9 18
11 7 14
0 3 0
24 6 6
17 3 0
10 21 21
13 17 13
9 7 11
22 0 24
24 14 25
3 23 17
1 20 20
24 11 24
22 8 8
9 25 18
8 9 3
14 14 25
9 20 25
9 17 25
25 11 9
9 18 21
20 9 23
3 23 23
9 22 11
24 10 6
22 13 22
24 10 10
9 23 20
9 22 0
8 3 8
10 18 21
7 9 11
25 11 7
13 13 17
14 1 25
14 9 14
14 14 7
23 3 3
13 10 18
8 17 17
22 25 17
7 14 1
20 20 1
8 8 10
11 14 7
18 9 22
11 21 21
18 13 24
8 8 7
20 1 20
18 18 18
10 11 26
25 9 11
9 7 14
10 21 10
25 10 6
13 17 22
25 18 25
20 23 17
8 24 10
9 25 20
10 21 22
8 8 17
11 7 25
11 11 21
14 24 6
23 11 7
3 9 14
24 10 3
22 3 3
14 6 6
24 14 10
0 3 22
9 22 22
14 7 14
13 14 10
22 6 7
10 21 9
18 18 1
13 22 22
13 1 23
3 3 20
9 0 11
22 10 8
14 24 10
17 22 22
10 6 3
21 9 8
9 11 22
13 20 20
17 23 20
21 10 25
13 17 17
13 1 20
11 25 21
22 25 18
7 9 25
11 24 24
25 22 9
22 22 17
25 14 25
13 10 13
23 7 23
21 25 9
10 24 21
20 23 20
22 25 10
25 14 1
7 13 20
25 25 13
25 1 25
10 25 14
1 7 13
9 11 14
7 11 7
24 24 3
18 22 18
13 7 11
22 9 0
9 13 17
7 23 11
14 14 9
22 17 22
25 14 18
8 8 1
22 18 25
3 14 21
1 1 18
9 1 25
22 10 6
11 25 25
25 9 18
7 1 20
10 8 8
9 20 23
17 20 9
22 17 0
8 17 9
22 8 22
11 7 7
21 3 9
18 21 10
11 14 14
13 18 13
11 7 11
0 0 3
17 22 3
18 13 25
22 9 13
17 0 3
9 13 22
18 9 13
21 21 10
13 1 25
7 13 1
13 14 18
18 20 13
10 10 22
10 10 3
9 21 8
8 8 8
10 26 11
18 9 25
8 17 22
9 17 11
24 21 24
3 20 17
21 24 21
3 14 11
23 23 3
10 10 21
21 21 18
25 18 14
22 3 24
22 24 0
17 8 0
25 11 25
18 10 18
23 3 23
25 18 18
3 3 17
3 11 3
9 22 25
9 20 0
24 8 10
8 26 10
3 23 20
10 21 3
9 20 20
22 0 0
24 24 8
14 6 10
17 13 22
1 25 18
8 17 3
7 7 7
10 8 24
9 17 17
11 24 11
7 14 25
21 21 25
25 25 10
11 11 11
13 14 11
24 14 21
8 10 8
25 10 22
25 11 14
13 17 20
3 11 24
25 10 24
25 25 6
18 22 25
10 8 3
17 9 22
13 13 9
17 3 17
22 6 23
11 11 14
21 21 24
10 21 25
14 9 20
11 21 24
13 14 13
18 18 25
10 10 8
18 13 14
17 9 17
13 9 17
21 6 10
21 25 18
24 14 24
9 25 7
13 18 14
1 14 25
23 11 23
22 25 22
21 10 6
10 22 21
13 14 14
25 6 10
18 13 1
8 8 3
25 9 21
18 1 25
7 11 14
9 21 10
1 14 13
14 25 25
23 7 11
22 3 7
1 22 17
23 11 9
13 20 1
10 14 14
14 24 24
0 23 0
10 8 11
25 9 20
3 20 23
21 3 20
9 11 7
25 25 1
10 3 24
8 8 14
13 13 18
21 11 25
11 24 21
1 1 25
10 22 10
13 20 13
13 13 22
9 9 18
21 11 21
13 1 10
23 23 11
8 24 8
24 6 10
3 20 9
14 25 14
18 10 25
21 11 11
21 18 21
24 24 24
18 25 9
17 8 3
23 20 17
18 18 14
25 24 10
18 21 25
10 25 21
7 9 14
25 1 14
8 17 8
7 23 23
3 11 14
14 10 24
21 3 23
24 14 6
25 25 11
1 14 1
22 6 6
8 24 3
10 3 8
24 3 3
18 1 1
22 18 9
9 14 7
18 15 7
1 22 13
24 6 8
24 21 11
13 22 17
8 22 0
9 18 25
13 13 1
13 1 13
21 6 6
13 9 20
21 25 21
10 3 11
17 13 17
21 10 10
21 11 24
17 17 17
8 22 17
13 17 1
20 20 17
22 8 10
10 10 18
10 21 0
8 26 26
21 10 21
18 1 14
7 1 13
17 9 9
25 9 1
3 3 23
14 25 9
22 10 26
22 22 22
17 0 8
9 14 25
7 1 14
7 9 23
25 25 9
22 10 22
24 11 11
10 3 25
22 10 0
24 11 21
3 25 24
25 24 6
21 24 24
14 1 14
21 25 22
10 10 24
13 13 10
24 8 3
21 21 21
18 13 22
10 24 6
22 22 11
22 22 8
8 8 18
22 9 18
3 9 11
8 8 13
1 14 14
14 7 9
0 23 25
13 14 20
1 20 15
13 17 9
17 20 23
25 10 25
22 6 0
10 24 8
17 17 22
18 21 8
18 25 21
25 18 1
22 10 3
0 0 11
24 8 22
1 9 25
1 20 9
13 14 24
18 22 20
25 14 9
22 8 3
13 20 9
10 14 25
18 13 18
10 18 10
1 18 1
10 8 10
1 9 20
11 25 14
25 9 22
13 13 13
22 3 0
18 25 25
22 25 11
18 25 18
23 17 20
10 14 24
1 25 3
22 25 8
3 23 3
8 9 17
24 10 8
22 9 11
1 20 13
3 3 3
9 9 9
14 25 7
1 20 3
14 6 8
10 18 18
22 25 3
10 3 3
7 7 20
18 22 13
24 3 8
22 18 22
20 9 20
14 20 20
9 17 21
11 21 11
13 14 7
3 3 11
25 11 11
9 22 17
3 20 20
22 18 18
20 20 13
7 20 20
1 7 22
9 18 0
8 22 10
10 24 24
8 10 25
13 13 25
10 6 6
23 23 7
13 18 10
18 10 21
22 3 11
9 18 9
20 23 9
14 25 1
9 23 17
8 9 0
14 14 14
1 9 7
25 18 10
14 9 1
17 13 20
7 14 14
14 24 8
22 18 13
1 13 17
21 21 11
24 24 21
8 8 20
20 20 9
13 14 25
17 3 22
10 11 8
8 22 22
9 17 22
23 20 20
18 21 21
17 22 17
11 11 7
25 6 6
13 20 17
1 25 25
13 1 17
22 0 3
9 22 18
17 9 20
17 22 9
10 21 8
22 6 3
25 14 20
18 10 10
25 22 10
23 23 23
24 6 3
1 18 25
