21 7 10 14 10
8 11 2 2 11
21 21 0 0 0
21 21 21 0 21
6 10 21 0 26
6 9 15 15 8
9 11 5 9 11
9 8 8 8 13
9 8 11 8 9
8 9 15 8 15
11 14 21 14 6
13 13 13 13 9
9 9 9 9 13
9 9 13 24 2
0 26 26 6 13
24 15 24 8 15
13 13 9 11 13
8 14 14 14 6
10 7 14 21 10
0 1 1 0 1
13 4 11 4 11
7 21 10 21 6
7 14 14 14 10
0 0 26 26 1
6 17 0 11 17
15 15 15 15 15
26 26 26 6 17
26 5 5 5 26
17 17 6 0 26
8 24 14 6 21
9 21 8 6 1
26 5 5 26 9
17 26 26 17 5
9 11 11 6 11
2 2 14 6 21
11 14 21 6 11
13 13 7 2 13
21 14 14 14 14
10 10 21 0 5
0 0 1 1 6
9 8 9 2 2
17 26 17 26 5
6 6 1 1 1
21 7 2 2 7
11 11 5 9 11
1 0 0 17 26
26 26 6 5 6
6 21 11 14 6
6 6 1 1 20
11 2 2 14 10
24 24 13 24 13
15 24 24 15 24
6 1 1 1 1
9 11 5 6 26
10 7 2 14 21
24 21 24 24 21
24 15 8 24 15
11 11 4 11 17
11 4 11 10 17
8 9 15 8 20
21 24 24 15 15
17 17 26 6 0
21 8 2 6 21
26 5 5 26 5
8 8 21 14 6
6 11 6 21 2
10 2 2 11 10
13 4 13 4 5
7 10 14 21 14
7 10 10 21 14
7 21 10 21 14
21 15 1 6 15
13 11 13 9 13
5 11 11 9 5
9 6 9 11 11
7 10 21 10 14
11 2 10 10 11
9 2 9 2 2
7 21 7 2 2
13 13 11 9 13
11 11 10 7 10
17 8 0 26 2
13 11 13 4 5
0 1 0 1 1
21 20 15 6 1
9 9 5 11 11
0 0 26 17 6
21 15 20 15 6
15 15 15 15 9
7 14 14 14 14
6 2 2 14 14
6 6 20 1 7
6 26 26 26 17
8 8 6 15 8
7 21 11 10 6
26 26 11 6 17
21 7 10 21 14
6 11 21 10 11
10 2 21 14 10
9 11 9 5 11
0 26 6 26 0
21 7 21 7 10
5 5 6 5 6
26 5 6 5 26
0 6 0 0 1
6 6 11 6 11
6 11 0 6 17
4 5 4 5 26
21 21 21 6 2
8 24 9 21 6
21 6 2 14 6
13 4 11 13 4
17 20 15 9 1
21 9 14 6 21
5 26 11 5 26
11 11 7 10 10
11 21 14 11 6
8 8 13 24 13
0 0 0 0 6
21 7 2 21 2
6 0 6 0 17
6 11 6 11 11
0 26 26 0 26
6 11 11 1 0
7 21 14 10 14
6 6 5 26 11
21 9 6 2 21
6 11 11 11 6
11 7 10 2 2
21 15 8 6 24
1 0 17 1 6
6 26 26 0 6
9 9 5 5 9
17 17 17 26 26
26 26 6 11 6
21 6 15 15 24
6 11 11 15 2
2 2 14 6 2
21 7 7 10 21
15 15 9 15 8
17 17 0 6 26
11 4 10 4 5
26 26 6 6 26
7 7 21 10 10
21 15 8 6 15
6 6 11 11 6
9 2 21 2 6
6 10 14 0 10
15 15 15 15 1
6 11 6 11 6
7 4 13 4 7
1 1 6 1 1
6 17 26 0 5
6 11 6 21 7
0 6 0 1 6
7 13 4 4 7
6 21 6 10 10
10 10 11 0 6
6 11 11 6 11
0 6 0 6 26
24 24 24 13 13
11 0 11 21 0
5 5 5 5 9
7 10 21 14 14
13 11 9 2 2
13 2 2 13 2
13 11 4 4 11
2 2 21 9 6
26 20 18 15 11
8 9 8 21 11
21 0 21 0 26
9 9 9 5 5
5 26 5 11 26
8 13 8 2 13
6 26 11 26 11
14 6 21 2 14
11 2 7 11 7
13 13 13 9 13
10 11 10 11 6
11 21 10 6 11
8 15 9 15 9
4 10 26 10 26
11 11 10 6 0
6 6 2 2 2
7 7 4 4 13
9 13 9 11 13
21 21 6 21 9
7 4 4 13 4
10 7 2 10 21
6 0 6 26 17
6 0 0 26 6
11 4 4 4 26
10 7 2 21 14
15 15 8 15 24
6 6 2 21 9
6 0 0 6 26
2 10 14 21 14
4 11 4 11 5
4 11 4 4 11
8 11 13 13 24
21 6 14 6 14
0 0 0 0 0
13 13 7 7 13
6 6 8 21 6
0 0 0 6 0
21 0 21 6 0
8 13 24 2 13
26 20 15 20 11
21 2 2 7 14
6 6 26 6 5
21 24 8 6 21
26 20 17 8 11
9 13 9 13 11
11 11 14 6 14
9 6 6 11 9
15 15 8 15 8
13 2 2 2 11
10 2 7 11 10
0 1 0 0 1
11 10 11 10 7
21 15 8 15 6
11 2 10 11 10
13 13 7 13 4
8 13 11 13 8
9 9 11 5 11
9 11 2 2 24
0 6 6 0 0
21 10 0 26 0
24 24 15 8 15
6 0 6 6 0
21 7 7 21 10
13 2 13 2 7
11 8 2 11 2
11 17 11 0 10
13 13 9 11 11
9 9 6 5 6
9 5 9 6 11
10 7 10 11 7
17 17 26 26 6
13 13 2 2 2
9 8 8 15 8
6 6 26 11 6
9 9 6 6 5
10 10 10 17 10
13 13 13 13 4
17 0 1 26 26
13 11 11 11 4
17 8 26 0 20
11 10 2 11 10
6 6 2 1 21
8 11 8 11 2
6 9 2 2 14
0 17 26 1 6
11 6 2 2 14
17 20 8 26 1
26 5 11 6 26
17 6 7 13 15
2 7 10 6 21
6 0 6 0 0
21 6 14 14 11
21 1 15 6 15
11 2 2 7 10
10 2 2 11 7
6 0 26 26 0
9 9 15 8 15
11 4 4 26 4
10 10 11 0 5
8 8 6 15 9
6 6 0 26 17
7 2 21 14 14
11 8 2 13 2
6 6 17 11 17
10 7 10 11 10
21 21 15 15 8
4 10 17 26 10
7 10 2 10 14
21 10 5 6 11
26 26 26 6 26
11 2 2 7 11
5 5 11 9 5
6 9 2 14 14
4 10 17 10 26
4 4 26 17 26
8 11 8 13 2
17 17 17 0 26
9 11 13 11 9
4 11 4 10 5
7 7 10 21 21
21 21 15 15 15
10 10 6 14 10
10 2 10 14 14
13 7 13 24 7
8 15 9 15 15
11 11 6 11 6
6 0 6 11 17
2 6 14 11 14
7 7 21 10 14
11 26 11 26 5
13 13 2 9 2
11 2 2 10 10
11 0 11 21 26
6 26 17 11 17
21 11 14 14 6
6 26 11 26 17
10 10 6 11 10
9 6 15 8 8
9 9 9 5 13
15 24 24 24 8
21 0 0 6 10
8 11 9 2 2
0 26 26 6 17
13 13 2 2 7
6 6 2 21 8
0 1 6 1 1
24 21 24 8 21
21 14 14 10 6
21 0 21 0 6
11 9 11 6 5
9 8 2 2 8
26 26 5 6 11
17 17 0 17 0
21 6 21 21 6
11 7 2 10 10
6 11 6 17 1
7 7 2 2 24
0 0 6 0 1
13 7 24 13 7
0 6 1 0 1
9 11 6 26 5
0 0 0 6 1
24 7 13 7 7
5 11 5 5 6
21 6 21 6 2
6 6 17 11 0
7 7 21 14 11
11 11 7 10 14
6 6 0 0 0
6 10 6 10 10
6 6 11 17 7
17 8 0 11 17
24 8 24 15 8
8 15 9 8 15
13 9 11 2 2
7 7 13 7 7
7 10 10 7 10
2 2 7 2 13
5 4 5 5 4
0 1 0 6 1
8 8 8 24 13
21 6 2 21 14
17 17 26 6 26
21 24 21 15 15
7 7 10 21 6
21 6 11 14 14
26 17 26 26 5
6 11 2 9 14
10 10 6 10 5
6 6 26 6 26
0 26 11 6 17
21 1 1 15 20
17 1 0 26 26
8 21 14 9 14
13 13 13 13 13
21 21 24 15 15
21 15 15 8 6
0 26 6 17 26
10 6 21 11 10
26 11 6 26 9
21 8 21 9 8
9 21 8 11 20
10 21 11 14 14
7 24 13 7 7
7 21 7 24 2
13 7 24 7 13
21 7 2 7 21
11 21 14 10 6
21 21 6 21 2
0 26 6 17 1
11 11 11 11 10
21 7 10 21 10
21 15 20 6 15
11 21 14 14 6
21 21 6 21 14
21 9 2 2 21
6 11 26 17 26
9 9 13 13 13
21 6 14 14 14
6 26 0 26 6
6 10 14 14 6
8 11 11 2 13
17 26 26 5 26
11 10 10 11 14
5 5 9 11 5
5 11 4 5 4
6 21 14 6 11
7 21 11 10 14
6 8 21 8 24
6 21 15 8 21
7 2 2 2 7
21 6 14 21 6
5 5 5 9 6
2 10 14 14 14
6 26 17 0 11
15 15 1 15 15
6 11 26 26 9
24 24 13 13 13
6 8 21 24 9
21 6 14 6 21
4 10 17 26 26
26 11 6 26 26
24 13 24 13 13
7 10 7 21 14
21 7 7 2 24
6 11 11 8 17
24 8 21 9 2
21 0 21 0 0
6 11 11 6 26
1 17 17 1 17
11 13 11 11 2
11 4 10 11 4
10 10 10 6 6
13 13 13 9 11
9 11 11 13 9
26 26 0 6 26
10 10 21 6 26
21 21 6 21 21
9 6 5 5 6
7 13 4 4 4
8 21 9 14 14
6 1 1 1 6
21 7 7 2 2
11 4 5 4 5
24 8 2 21 9
10 10 11 6 0
6 15 9 15 15
1 0 1 1 6
5 5 5 5 26
4 4 5 26 5
8 9 15 8 6
6 26 26 26 11
17 26 26 26 6
8 11 2 13 8
6 0 1 0 6
10 7 21 10 14
6 10 14 11 14
26 11 5 6 26
9 11 2 2 14
9 6 5 6 5
6 8 21 15 8
11 21 11 10 21
6 0 6 1 0
13 4 4 11 4
21 6 10 6 26
11 2 10 14 21
21 21 0 0 6
11 17 0 1 11
21 21 21 6 9
8 8 24 8 13
26 17 6 26 6
6 26 26 9 26
9 6 9 11 6
11 7 2 10 14
10 2 11 7 2
21 24 15 24 15
8 11 8 9 2
11 11 4 4 26
11 17 11 0 17
11 13 2 9 2
15 15 1 15 1
6 11 11 17 15
6 6 20 24 1
0 6 26 26 6
9 21 8 20 15
6 26 17 26 11
13 11 2 2 2
6 21 6 14 10
11 11 10 0 26
6 11 11 9 5
5 5 5 11 9
8 9 2 2 2
7 21 10 14 6
26 26 9 26 6
8 15 9 15 20
24 21 24 21 8
21 6 10 0 5
21 10 6 10 26
21 8 14 6 2
4 4 26 26 17
6 11 6 24 7
8 2 9 21 14
2 2 7 13 7
11 17 0 11 17
10 14 21 11 10
6 0 1 6 1
0 0 0 1 1
21 21 6 6 21
6 6 11 17 17
5 5 4 11 4
8 11 13 13 2
17 20 8 17 6
6 11 11 2 15
26 20 11 21 1
0 26 6 26 26
7 21 2 7 2
6 6 2 21 1
11 11 14 6 21
6 11 26 26 11
10 2 21 11 10
10 10 17 4 26
26 17 26 6 26
10 10 11 7 11
8 11 2 2 2
11 26 26 6 5
0 1 1 6 1
26 11 26 6 9
10 10 17 10 26
11 6 17 21 11
8 9 15 15 8
6 1 0 1 6
6 26 11 17 17
8 13 13 13 24
11 11 21 11 14
21 15 1 20 15
13 4 4 5 13
9 9 5 5 6
10 21 2 14 10
11 2 2 10 14
10 7 2 14 10
13 11 9 13 11
11 5 5 9 11
9 9 5 11 5
8 8 13 2 7
13 11 13 4 11
7 10 21 2 14
6 10 0 11 6
8 11 2 11 8
5 5 11 5 9
11 5 11 9 11
0 0 1 0 6
9 9 8 24 13
10 10 10 11 6
9 9 9 5 6
21 6 15 24 15
26 26 6 0 26
6 9 2 21 10
24 24 8 15 15
6 17 11 0 26
6 21 15 8 15
9 6 15 15 8
21 2 2 7 2
7 21 7 21 10
10 11 11 10 6
21 10 0 5 26
7 2 7 2 2
9 9 9 5 9
24 8 24 8 24
7 21 14 10 6
17 1 9 1 11
6 6 0 0 26
26 18 18 1 11
9 8 8 11 2
13 4 11 13 5
1 17 0 26 6
15 15 9 15 15
9 11 11 6 5
26 11 6 11 26
8 9 2 8 2
6 6 0 7 11
6 26 5 11 26
21 8 8 6 21
6 10 0 6 10
5 6 5 5 6
10 4 10 17 26
4 4 4 4 13
1 0 1 6 1
10 21 11 14 21
7 13 4 13 7
11 7 2 10 11
7 7 2 2 21
6 6 11 17 21
21 21 21 21 9
1 0 1 0 1
21 0 21 6 1
0 26 6 26 5
11 4 4 11 17
6 6 6 11 11
7 21 7 2 24
6 6 2 2 21
1 1 1 1 0
17 11 1 6 17
9 9 6 9 26
24 13 7 7 7
10 6 10 14 14
11 2 10 14 14
17 26 26 26 5
5 5 5 5 11
21 8 21 8 21
4 10 17 10 17
21 10 5 6 10
0 1 6 1 6
26 5 5 5 6
2 2 7 2 7
9 2 2 8 2
17 17 0 26 0
4 4 13 5 4
1 17 17 0 17
21 10 0 10 0
1 17 0 17 26
11 11 4 10 5
24 15 24 24 24
7 2 2 2 2
6 11 0 26 17
26 20 11 21 17
11 11 11 4 11
13 7 13 4 7
0 0 26 26 8
11 13 11 11 4
9 6 5 6 9
17 1 9 15 17
5 5 11 11 9
7 21 11 14 10
6 0 1 0 1
5 11 5 9 11
11 6 17 21 10
6 26 26 6 0
8 24 13 2 13
21 0 6 21 0
15 15 24 24 15
0 1 6 1 0
7 7 4 4 4
10 11 11 10 14
13 11 11 4 11
6 15 15 9 15
21 6 0 10 0
7 21 10 6 11
11 11 11 9 14
0 26 17 6 11
6 6 11 11 11
6 11 26 26 26
21 24 21 8 8
6 9 9 6 5
15 24 15 8 15
6 21 8 15 15
9 6 6 5 9
11 2 7 7 11
9 9 8 13 7
15 15 15 15 8
11 13 11 11 13
24 8 13 24 13
10 2 10 2 11
8 15 8 6 15
11 9 2 2 6
7 13 7 7 7
9 6 9 6 11
9 6 8 15 9
6 0 0 11 6
6 21 10 26 6
26 26 26 17 5
8 2 21 9 21
10 6 14 10 14
6 11 11 11 14
9 8 11 2 9
8 11 13 8 11
10 10 21 0 26
21 1 1 15 1
21 20 15 6 15
24 24 21 24 21
6 9 2 14 21
10 10 11 11 0
8 13 24 2 2
11 2 11 14 21
9 6 5 9 6
11 2 7 11 2
9 6 15 8 15
9 6 6 5 5
7 2 14 21 14
26 5 5 11 9
6 11 6 11 26
21 5 10 6 10
9 9 5 9 5
1 17 17 0 6
13 13 24 2 7
7 24 7 7 13
13 11 4 11 11
13 13 7 7 2
6 10 0 10 6
8 13 13 13 11
21 10 6 10 5
9 9 9 6 26
21 7 21 10 11
6 21 11 6 10
8 11 8 13 13
7 10 10 10 10
9 9 13 13 9
9 11 11 5 9
26 26 6 0 17
15 24 24 15 8
24 24 24 7 24
11 11 6 9 11
11 7 11 10 2
26 11 21 17 1
26 26 6 11 9
9 8 9 13 8
8 2 14 6 21
21 11 10 6 11
8 2 9 21 21
9 9 15 15 8
17 11 1 6 15
9 8 8 13 9
9 6 8 9 24
6 9 2 21 17
9 21 8 20 20
9 15 9 15 15
8 13 13 24 13
5 26 11 26 5
21 11 10 6 10
11 11 11 11 14
6 9 2 6 21
7 21 10 21 10
9 9 13 11 13
5 5 5 9 26
9 9 15 8 8
11 11 11 4 5
9 11 5 6 9
0 0 26 26 15
11 10 11 10 2
11 11 4 10 26
10 7 14 14 10
9 11 5 6 11
26 20 15 11 1
7 10 21 14 6
8 8 9 11 2
5 11 5 9 26
11 2 11 21 14
21 6 10 0 0
6 11 11 15 20
6 24 21 8 15
11 2 7 10 11
6 11 2 2 14
26 26 6 5 9
0 26 26 6 24
4 4 10 26 26
17 0 1 26 6
11 6 17 21 17
11 11 14 10 6
9 9 11 6 26
21 21 6 14 6
10 21 14 14 14
6 0 11 0 26
11 11 17 0 10
9 13 9 8 2
1 17 0 26 26
4 10 17 26 5
26 26 17 26 26
1 1 0 17 26
10 2 10 21 14
8 9 2 14 14
10 7 11 10 10
9 6 9 5 6
10 2 10 14 21
6 17 26 6 17
1 1 0 17 0
6 26 17 0 26
8 8 11 8 9
6 26 17 26 17
24 21 24 24 8
9 2 21 20 8
9 9 5 11 9
9 9 9 13 9
11 6 11 11 14
13 13 4 13 7
8 15 15 9 15
8 11 2 2 13
21 6 6 14 21
0 0 0 6 6
6 26 0 26 11
21 21 15 15 1
0 17 0 26 6
9 5 6 11 5
21 2 2 7 21
0 0 6 1 0
9 9 13 9 13
6 11 11 15 1
11 0 11 21 6
26 17 6 0 26
9 8 11 9 2
6 21 14 14 14
11 14 14 14 14
21 8 14 21 9
26 18 20 17 8
10 10 6 10 0
11 6 14 14 14
8 2 9 21 6
7 10 7 21 10
9 9 11 5 5
11 7 10 14 14
0 0 17 26 6
8 24 14 21 9
21 6 21 14 2
13 2 2 2 2
13 2 2 13 7
6 6 11 26 11
24 8 15 8 15
6 6 6 6 9
6 5 9 11 11
24 8 2 21 6
21 8 6 15 24
26 1 11 17 20
6 17 26 26 26
6 10 11 6 14
0 0 26 0 26
10 21 14 14 10
11 13 9 11 13
21 8 9 2 21
26 16 17 8 14
9 9 9 6 5
11 2 7 11 10
11 2 14 10 14
1 0 0 17 1
5 6 5 6 26
9 2 6 11 14
13 11 11 13 4
8 13 24 13 13
11 5 11 9 5
9 21 2 8 6
15 24 24 8 15
24 8 15 24 15
9 2 21 2 20
24 13 13 24 13
6 6 2 7 2
24 24 24 13 7
9 9 2 13 24
10 7 10 10 10
6 0 0 6 0
1 0 1 17 26
2 10 2 14 14
26 26 26 0 26
7 2 21 2 7
1 1 0 1 1
21 6 2 21 2
8 24 13 24 13
14 10 14 6 10
9 5 9 11 6
7 10 14 14 10
11 10 11 0 26
8 24 8 24 8
13 13 7 2 7
6 6 2 21 7
6 21 10 0 5
9 9 6 6 9
7 10 21 14 11
2 7 2 2 2
6 6 26 5 6
10 7 21 14 10
11 2 2 2 10
1 0 17 0 1
9 5 6 5 26
17 17 17 0 0
7 7 10 10 10
6 0 6 17 0
8 24 14 14 6
9 13 8 9 2
13 24 7 13 7
6 11 11 2 17
6 11 10 14 14
21 10 0 10 26
9 9 5 5 11
21 10 5 6 5
1 1 1 17 1
21 6 21 9 21
9 9 8 13 24
10 2 11 7 10
11 14 14 21 6
21 9 6 21 14
4 4 17 26 10
6 17 26 6 26
0 1 1 1 6
4 4 10 26 17
8 8 8 13 9
5 5 5 9 5
7 4 4 4 5
7 21 10 7 14
7 21 14 14 10
26 18 20 17 11
10 10 17 10 17
6 6 8 21 2
11 13 2 2 2
7 10 21 11 10
26 26 26 0 6
9 8 8 2 2
8 13 13 11 8
2 6 14 14 11
21 10 0 10 6
7 7 24 2 2
6 0 26 26 26
10 6 14 10 10
21 9 2 21 2
0 0 26 11 17
8 24 21 9 14
21 14 14 14 11
21 21 21 21 0
21 21 6 6 2
4 10 10 26 26
11 4 4 10 5
6 8 21 8 21
2 10 21 14 14
10 10 6 10 10
24 24 8 8 24
21 21 6 14 14
13 11 11 4 4
10 7 10 10 2
6 26 17 11 26
15 24 15 24 8
2 2 14 21 6
5 5 6 6 5
5 5 6 5 9
6 21 21 6 11
17 8 0 11 1
11 2 2 2 21
8 13 13 11 13
8 8 8 8 13
0 1 17 0 0
10 7 2 14 14
17 17 26 26 0
8 8 8 11 9
26 18 20 18 1
6 21 14 14 6
11 8 2 2 2
8 15 15 6 15
13 4 13 5 4
10 10 11 6 10
13 9 13 2 2
24 15 24 24 15
9 13 9 2 2
11 5 5 5 6
13 13 4 5 4
21 21 21 6 21
4 4 17 10 26
24 24 24 24 7
7 10 14 6 21
7 24 7 13 7
9 8 2 2 2
11 11 9 6 11
6 6 6 6 11
17 1 9 17 8
8 9 8 9 15
6 21 8 15 20
8 8 24 15 8
26 5 11 5 6
15 15 15 8 15
6 10 6 10 0
4 4 26 26 10
11 10 11 7 10
11 11 6 11 14
6 26 26 17 11
24 13 7 7 13
24 24 8 6 21
6 0 0 6 1
26 26 6 6 17
21 6 6 14 14
11 0 11 21 17
5 26 11 11 26
7 21 10 7 10
10 11 10 11 10
11 11 10 17 5
21 7 2 21 7
8 8 11 9 2
21 10 14 7 14
8 2 9 14 21
21 1 1 15 6
17 17 26 26 17
10 7 11 10 11
21 8 15 6 15
6 11 11 15 17
13 13 7 2 2
5 5 5 11 5
15 15 15 9 15
8 8 9 2 6
9 9 9 9 5
21 14 11 14 14
21 7 10 14 21
8 24 13 13 2
9 11 13 9 13
4 13 4 13 5
0 0 1 6 1
21 1 15 20 1
1 17 17 0 26
17 17 6 26 0
11 26 26 6 11
26 20 11 1 17
6 26 26 11 26
9 6 6 9 6
21 21 6 21 6
10 11 10 11 14
21 21 15 15 24
15 15 15 8 8
11 6 7 17 0
6 6 8 21 20
6 6 1 20 8
17 0 1 17 26
7 21 11 14 14
11 21 11 10 14
6 10 11 0 10
24 7 13 7 13
13 13 2 7 2
5 5 6 9 26
10 11 10 10 6
21 7 2 7 2
6 11 11 15 11
0 0 26 6 26
21 6 15 15 8
6 9 6 9 6
13 7 13 7 13
0 1 0 1 0
10 7 11 2 10
2 21 2 2 7
6 6 2 1 7
11 11 10 0 17
4 13 4 11 4
21 10 0 26 6
24 8 21 9 21
7 21 10 21 11
1 1 0 17 17
6 6 6 11 6
9 21 8 20 1
24 15 24 8 24
10 7 21 14 14
4 13 4 11 5
8 8 8 11 8
11 26 5 26 9
1 1 1 0 1
7 13 7 13 7
11 2 7 2 11
26 26 5 26 5
6 1 6 1 1
21 6 14 11 14
6 21 11 6 14
8 8 13 7 2
6 11 10 21 14
4 4 4 4 4
9 9 6 24 8
13 24 13 7 7
9 11 9 5 6
26 26 5 26 26
7 21 10 14 21
6 6 11 17 1
11 10 11 10 17
4 5 4 5 5
11 6 7 0 17
26 17 2 6 7
0 6 17 26 11
17 26 26 0 6
11 14 14 14 21
17 26 26 26 17
8 8 24 8 24
6 26 5 26 9
6 6 2 7 24
6 11 10 21 6
8 9 8 8 15
9 6 9 11 5
9 8 2 8 11
6 21 11 10 6
17 26 26 6 0
1 17 17 0 1
13 11 4 11 4
10 7 10 11 11
11 4 11 10 26
2 2 2 7 2
11 11 10 0 6
11 4 11 4 5
8 24 8 15 15
13 13 4 13 4
21 8 6 21 2
11 7 11 14 10
8 11 11 13 24
8 9 8 9 13
7 2 14 14 10
11 4 11 4 17
13 4 4 13 5
17 8 0 26 7
8 9 15 8 8
10 21 7 11 14
21 6 10 6 0
6 6 11 26 6
8 24 9 21 14
5 6 5 6 5
11 5 5 9 26
11 8 2 2 11
21 8 21 8 6
11 10 11 0 17
17 11 1 20 15
5 26 5 5 6
13 13 7 7 24
17 26 17 6 26
14 14 14 14 10
8 15 6 15 15
6 11 0 11 0
6 11 11 15 7
21 6 6 21 0
21 1 1 15 15
13 13 4 5 11
24 8 8 15 15
10 11 11 10 10
21 8 6 2 21
11 7 11 2 7
6 11 0 0 26
6 26 17 26 6
0 0 6 0 6
11 26 26 6 9
21 15 20 1 15
21 8 6 15 15
6 6 1 20 20
6 0 0 1 6
5 5 11 5 6
9 11 8 2 9
13 13 13 4 13
11 4 11 10 5
11 6 7 0 11
6 14 10 14 14
17 11 1 6 1
26 20 11 1 1
24 8 24 8 8
24 21 24 24 24
2 10 14 14 10
17 26 26 6 5
1 0 1 17 6
26 26 26 6 5
8 9 8 15 8
24 8 8 24 8
9 11 11 11 6
0 0 6 6 26
24 24 8 24 8
15 15 24 8 15
0 26 26 6 9
24 8 15 15 8
4 5 5 4 5
8 8 11 9 8
7 10 7 10 21
21 2 2 2 7
0 26 17 6 13
13 13 13 4 7
9 6 5 6 11
9 6 2 2 10
8 9 8 9 2
13 13 7 2 24
17 17 17 26 0
21 6 2 2 21
11 11 10 6 10
11 7 11 10 14
11 4 4 5 10
24 21 24 8 6
21 10 0 17 10
4 11 4 10 11
7 10 10 2 14
8 13 11 13 13
13 13 9 2 2
6 26 11 26 0
5 5 9 11 6
1 17 17 1 26
6 6 0 17 11
6 6 0 0 17
21 20 15 15 6
11 9 11 11 9
7 10 14 21 6
21 14 14 14 10
11 11 14 14 0
26 20 16 17 8
11 11 14 14 6
0 17 26 6 17
5 5 5 5 5
13 13 7 7 4
21 6 21 14 21
8 15 15 6 8
4 5 4 26 5
4 4 26 26 5
26 20 16 11 21
15 24 24 24 24
17 8 0 11 26
9 5 6 5 6
14 14 6 2 14
0 0 26 26 0
6 21 21 6 0
9 11 11 11 9
11 10 11 7 2
26 26 5 5 5
21 1 15 1 6
21 24 15 21 15
13 13 13 4 4
13 13 4 11 5
9 5 9 5 6
9 8 9 13 2
9 8 8 2 13
11 8 9 2 21
1 1 0 1 6
0 6 26 26 17
21 6 21 2 9
17 20 15 9 7
1 17 17 6 17
11 10 11 10 14
15 15 8 24 15
6 11 2 21 6
0 6 26 26 0
21 9 21 6 2
6 2 14 14 14
10 10 6 10 6
21 21 15 1 15
11 7 11 7 11
2 7 14 10 6
7 13 4 4 13
9 8 9 2 13
6 6 20 1 24
11 13 11 4 11
13 4 4 11 13
5 5 5 9 11
10 7 7 14 14
24 7 7 7 13
4 4 13 4 5
9 21 8 6 15
11 11 9 2 2
4 11 4 4 10
13 2 2 2 13
5 5 9 6 5
6 10 14 14 14
7 10 7 14 14
6 9 5 5 5
0 17 17 6 26
5 5 9 5 5
6 6 2 7 1
8 8 8 24 15
11 4 4 10 11
10 6 21 10 11
8 13 13 13 13
6 17 26 26 17
10 2 2 10 11
9 5 6 26 6
6 17 26 26 0
6 5 9 5 9
6 26 17 11 11
13 13 13 7 4
10 10 10 17 17
13 7 13 7 7
7 21 10 6 10
21 6 0 26 10
8 14 21 6 2
0 17 0 1 26
7 7 10 21 14
11 9 11 11 14
26 26 26 26 26
6 21 8 15 8
26 26 5 5 26
26 18 17 2 6
21 6 21 21 9
24 15 8 15 8
6 26 26 11 17
8 11 13 2 11
26 5 5 11 6
9 9 6 24 15
0 17 0 6 17
0 1 0 1 6
24 8 15 24 8
6 6 11 26 5
13 13 7 24 7
17 16 8 17 6
8 11 11 2 2
6 21 14 14 11
26 5 6 26 11
6 11 6 17 7
17 26 26 17 6
21 8 21 9 6
7 21 2 2 21
24 21 8 21 8
8 8 24 8 8
10 7 14 10 14
11 2 2 2 14
24 21 24 21 24
0 6 0 6 0
10 21 7 14 14
9 11 6 26 11
10 7 21 11 14
21 24 8 21 9
17 17 26 26 5
10 21 2 10 14
7 7 10 21 10
17 26 6 0 26
8 24 15 8 15
8 15 6 15 8
1 1 6 1 0
21 8 9 21 6
0 26 26 6 11
8 8 8 24 8
8 9 8 9 8
9 5 9 5 11
4 5 4 26 26
11 26 5 26 6
6 11 26 26 17
4 4 17 26 26
5 5 11 9 11
6 26 11 17 26
17 26 6 26 0
21 6 6 21 14
7 13 4 7 4
9 6 8 9 2
21 6 2 14 21
0 0 6 0 0
0 0 6 1 1
11 2 7 2 7
13 2 2 2 7
9 9 6 11 26
21 7 2 2 21
14 14 6 14 14
26 11 6 26 11
26 26 26 5 5
7 21 2 2 2
21 6 21 6 21
9 11 2 2 2
6 6 0 11 7
26 26 5 6 26
6 5 9 11 5
26 26 26 5 26
8 24 2 6 21
11 10 11 2 10
26 11 21 17 0
11 10 10 11 0
17 26 0 6 26
10 10 17 17 10
9 11 11 9 5
6 11 6 26 11
21 2 7 2 21
7 14 21 14 14
8 11 13 2 2
0 26 6 26 17
10 10 6 10 11
11 26 5 26 11
7 2 14 14 21
26 17 6 26 0
9 9 6 9 5
0 6 6 1 0
6 6 0 11 17
11 2 11 21 10
11 10 11 10 10
21 8 9 21 2
21 6 21 9 2
21 7 7 21 7
6 6 2 7 7
9 9 8 15 15
11 10 11 10 0
6 9 6 21 2
10 7 10 10 11
13 11 11 11 11
26 17 11 21 6
6 10 14 14 11
26 26 6 26 9
8 14 14 21 6
6 11 6 21 24
21 24 8 21 6
9 9 6 11 10
9 21 8 11 6
17 26 26 26 26
0 6 0 0 6
2 7 14 21 10
6 6 0 17 0
1 17 17 1 6
6 11 11 1 17
6 10 0 11 10
17 26 26 26 0
8 9 15 2 8
6 6 6 6 6
21 21 0 21 0
11 0 20 11 17
5 5 6 9 6
13 13 9 13 9
4 4 4 13 4
7 7 2 2 2
11 7 10 2 14
10 7 10 10 7
21 20 15 1 6
8 15 9 15 6
21 24 24 8 6
17 20 8 26 20
9 6 9 6 26
8 11 11 2 24
6 6 0 26 0
13 7 13 7 24
11 4 4 11 10
8 11 9 2 8
13 13 9 11 9
2 7 2 2 7
26 17 2 14 0
13 13 7 7 7
26 26 6 26 6
6 17 26 11 0
13 7 13 7 4
10 10 17 4 17
6 5 9 5 6
8 11 11 2 8
7 21 2 2 7
21 6 6 21 10
6 11 6 24 21
8 9 8 15 9
13 13 7 24 13
6 11 11 0 17
1 6 1 1 1
8 24 13 13 24
10 7 2 21 10
10 6 10 14 21
1 1 17 0 1
6 26 0 26 9
10 2 2 10 10
4 11 4 11 4
13 9 2 2 2
8 9 8 8 9
21 9 14 14 6
11 11 11 9 5
21 21 7 7 10
6 0 1 1 6
21 0 21 6 6
5 5 9 5 26
0 6 0 1 0
11 11 5 9 5
17 17 17 0 17
6 9 5 5 6
5 26 11 26 11
26 5 6 11 26
26 5 11 26 5
1 0 1 17 0
8 8 6 2 15
17 20 8 0 11
15 24 15 24 24
15 9 15 8 15
5 26 11 26 9
4 4 5 5 26
8 8 13 24 2
9 9 6 5 11
5 5 9 5 11
24 21 8 21 6
4 10 26 17 26
9 9 2 8 21
21 7 7 24 21
9 6 2 2 14
2 2 21 7 14
26 17 26 26 26
9 6 6 9 11
6 10 14 10 6
17 17 17 26 6
8 8 9 2 2
11 2 10 7 11
14 6 2 14 14
26 20 20 11 15
0 0 6 6 0
6 11 9 5 11
0 17 17 1 26
1 17 0 26 17
9 9 5 6 5
9 9 8 2 24
21 24 8 21 8
21 7 10 10 14
9 9 9 5 11
11 8 2 9 2
17 17 6 26 6
4 5 5 4 26
6 15 9 15 9
0 6 26 17 26
13 7 4 13 7
8 24 15 8 24
9 11 9 11 5
7 21 10 14 14
10 10 10 6 10
7 10 21 10 6
13 2 13 2 2
11 13 9 13 13
6 0 6 17 11
11 11 11 11 21
21 6 21 0 6
13 11 9 13 9
14 14 14 10 6
10 7 14 14 21
11 4 4 4 5
6 17 11 0 17
9 9 9 9 6
0 26 6 17 11
9 9 5 5 5
21 6 21 6 14
21 10 0 5 6
8 9 21 2 2
6 17 0 26 11
7 21 7 10 21
15 15 1 1 15
9 11 2 2 6
11 4 4 10 26
21 7 7 2 21
17 1 11 15 6
10 11 10 11 0
7 13 7 7 13
6 11 2 14 21
6 26 11 26 6
6 17 26 26 11
6 26 11 26 9
21 10 0 17 0
11 5 4 5 4
8 8 24 8 15
26 18 20 20 11
10 21 10 10 6
7 10 14 14 21
8 11 13 11 24
13 13 4 7 13
26 11 11 6 26
5 5 11 9 26
13 13 7 4 13
0 26 6 26 6
6 26 11 17 11
21 21 7 7 21
4 4 26 26 26
15 15 15 1 15
8 11 13 13 8
9 9 8 15 8
21 15 20 1 6
10 10 21 10 6
21 6 0 26 5
24 8 13 13 24
21 6 21 2 6
13 9 13 11 13
24 8 9 21 14
9 9 13 13 11
6 2 14 14 21
26 26 17 26 5
11 7 11 10 11
11 17 0 11 10
17 8 17 6 7
6 11 10 21 11
8 13 11 8 2
9 6 9 6 5
9 8 8 13 8
9 11 11 11 11
8 21 14 6 2
17 8 6 17 7
7 4 4 4 13
6 21 15 8 24
17 17 26 17 26
21 1 15 20 15
21 7 7 21 24
2 6 11 14 14
7 7 21 10 6
7 2 21 2 21
6 11 26 11 17
7 7 21 10 21
0 0 26 11 26
5 5 9 6 26
13 11 2 9 2
24 8 15 8 24
5 4 5 4 11
7 10 7 10 14
10 10 10 6 0
8 13 8 2 2
26 20 16 11 1
8 11 8 13 11
17 0 1 26 17
6 10 14 6 10
24 8 24 15 15
26 26 26 6 11
6 26 11 26 26
11 13 9 2 2
9 6 8 9 8
9 8 8 8 11
21 6 21 6 6
17 17 26 6 17
11 7 11 10 10
8 8 8 8 11
21 15 8 15 20
5 5 9 5 6
6 11 0 11 17
10 7 2 10 14
9 9 8 2 21
21 7 7 21 2
8 24 13 2 2
1 1 0 6 1
7 21 10 10 6
13 7 7 13 4
24 15 24 15 24
6 21 10 0 26
21 8 14 6 21
21 2 7 21 2
17 26 17 26 6
24 8 9 21 21
0 26 26 9 6
6 11 17 26 11
21 7 10 14 14
11 21 11 6 14
9 2 21 2 2
26 2 0 7 26
15 8 15 6 15
11 21 14 6 11
9 8 2 8 2
21 10 5 6 0
7 21 7 21 2
11 11 11 4 26
7 10 2 14 10
6 21 14 6 14
6 17 26 0 6
24 7 7 13 7
8 8 9 2 11
9 6 6 9 5
4 4 13 4 11
17 17 17 6 26
26 20 15 8 0
7 21 7 2 21
26 11 17 21 0
15 15 24 8 24
26 26 26 26 17
6 2 14 21 14
1 1 17 1 9
9 11 11 6 26
21 2 7 2 14
6 21 14 11 6
11 2 7 2 10
9 11 8 2 2
13 4 11 11 4
11 4 4 26 10
21 10 21 26 0
10 21 11 14 7
17 26 26 6 17
6 0 26 6 0
2 2 7 2 21
0 0 17 26 0
11 2 10 11 7
6 10 14 6 14
24 24 24 7 13
9 8 8 2 11
26 26 26 17 26
9 11 6 5 26
4 5 5 5 4
26 5 5 11 26
17 17 26 0 26
11 14 6 10 0
21 14 11 14 6
24 8 9 21 6
15 1 15 1 15
10 21 7 14 10
0 17 0 0 26
8 8 13 7 13
11 4 10 4 26
6 17 26 0 26
21 21 1 15 15
6 6 17 0 11
0 6 6 0 1
0 26 6 26 11
26 26 26 26 4
21 7 21 10 10
0 0 26 26 9
8 8 9 15 15
5 4 11 5 4
5 11 4 4 5
2 2 2 2 7
26 5 5 26 26
8 11 2 13 2
1 1 17 1 1
11 13 11 13 4
9 2 2 21 2
11 13 11 11 7
8 13 8 2 24
26 26 17 6 26
21 7 7 24 2
7 7 21 2 24
11 9 11 11 6
4 4 5 26 26
9 8 8 8 15
11 11 10 4 26
1 1 0 17 1
6 9 9 6 6
21 8 9 2 14
17 17 6 17 14
0 6 1 0 6
0 0 0 0 1
6 21 15 24 8
8 9 15 8 9
15 9 15 15 8
11 11 2 9 2
7 21 10 10 21
10 7 14 21 14
21 8 21 9 2
6 6 0 18 17
11 5 4 5 5
26 26 6 5 26
10 10 21 0 10
17 1 9 1 17
21 21 10 17 17
7 10 14 14 6
21 7 21 10 21
26 17 8 0 11
13 13 2 2 9
11 11 11 10 11
0 6 1 1 6
6 6 11 17 0
9 9 6 5 26
7 7 21 14 10
0 1 17 0 1
11 4 10 11 10
1 0 17 0 6
10 10 6 11 21
9 13 9 2 24
9 9 9 13 5
9 5 9 11 11
10 10 11 11 6
11 26 11 6 26
10 10 11 2 7
11 0 20 11 0
7 7 10 10 21
15 15 15 8 24
6 0 6 0 11
6 26 11 26 4
11 2 2 2 2
0 1 17 0 26
17 1 9 17 15
9 15 6 15 15
15 24 24 24 15
17 1 0 26 6
21 6 21 0 0
11 11 11 9 6
6 0 6 1 1
6 8 21 24 20
15 15 24 15 8
7 21 14 11 14
0 17 0 17 0
9 6 9 6 9
8 15 9 15 8
15 15 24 24 8
26 17 26 26 6
0 26 6 17 0
8 24 8 15 24
21 10 21 17 0
6 26 0 26 26
24 15 24 24 8
11 26 11 26 6
21 8 2 6 2
4 13 4 5 13
21 6 2 21 9
6 0 0 11 26
8 8 21 9 21
2 7 14 10 21
26 5 6 26 5
26 18 1 11 0
7 13 13 4 7
7 10 14 14 14
11 11 14 21 14
6 6 2 7 21
4 13 4 5 4
15 15 24 15 24
11 13 11 13 11
21 7 21 10 14
9 15 6 15 9
6 26 5 9 26
10 10 0 6 10
0 0 1 0 1
9 5 9 6 5
6 11 11 15 0
6 9 2 21 6
6 11 11 15 15
6 17 26 17 11
9 9 6 24 2
17 17 0 17 6
21 6 21 14 14
9 9 9 13 13
7 14 14 21 14
9 9 9 6 9
17 0 1 26 0
7 2 2 7 2
10 10 17 17 17
6 11 6 26 6
1 1 17 1 0
7 10 21 14 10
11 11 11 14 14
0 1 17 6 17
11 21 10 6 10
5 11 5 5 26
13 13 4 5 5
21 8 15 6 8
6 11 0 6 7
26 5 9 26 6
4 4 7 4 4
1 0 17 6 17
2 10 21 14 11
21 8 21 9 21
11 10 11 7 14
11 6 7 0 10
0 6 0 6 1
11 10 11 14 10
6 1 1 6 1
6 11 26 17 17
15 15 15 15 6
26 11 6 26 5
21 6 2 14 14
7 10 21 2 10
11 11 10 10 26
21 7 2 2 2
0 6 6 1 1
26 26 17 26 6
8 24 8 8 8
11 4 10 11 17
0 0 17 0 26
11 10 2 10 11
8 24 8 8 24
9 15 6 15 8
26 17 26 6 5
7 4 13 4 4
10 11 10 6 10
6 6 11 26 26
4 11 4 11 10
11 5 5 9 5
11 0 6 7 17
1 1 1 17 0
5 11 26 26 11
21 24 24 8 21
1 1 17 1 6
8 8 8 8 15
6 11 6 11 14
0 6 0 6 6
26 5 5 26 11
6 10 14 11 6
6 21 10 6 26
6 11 11 17 0
11 17 17 6 10
6 6 0 11 0
21 2 2 2 2
21 21 21 0 17
24 15 24 15 8
6 2 21 14 14
13 13 11 4 5
9 11 11 13 11
0 6 1 6 1
2 21 2 7 2
0 1 1 0 6
21 6 21 2 14
0 17 26 0 26
7 2 21 2 2
9 5 6 11 26
26 20 15 11 21
21 7 21 7 7
14 14 6 21 14
17 17 26 0 6
10 10 2 7 11
26 5 26 6 9
17 17 17 6 0
8 24 8 15 8
5 6 5 26 6
11 17 1 6 17
2 2 2 2 2
9 9 13 2 24
13 13 7 24 2
0 26 26 15 6
11 4 4 11 26
6 10 11 14 6
9 9 11 11 5
21 21 21 6 14
10 11 2 7 2
21 21 15 24 15
11 11 10 0 0
8 9 2 2 8
13 11 9 13 13
11 6 17 21 0
26 11 6 5 26
7 21 21 10 10
6 6 11 17 24
21 21 21 21 14
21 6 6 21 6
11 4 4 5 5
11 11 11 10 5
7 21 2 7 21
0 26 26 6 26
13 11 11 11 13
6 17 26 11 17
4 4 26 10 26
0 26 11 6 26
6 21 15 24 15
7 10 7 10 10
6 6 0 18 0
7 10 21 10 21
7 10 10 10 7
10 7 10 14 14
7 13 13 4 4
6 6 11 11 14
26 5 6 26 9
17 20 15 9 18
11 10 11 2 7
6 21 11 14 10
21 21 21 6 6
1 0 0 17 17
7 7 10 14 21
9 8 9 15 8
2 10 14 14 21
10 2 21 10 14
21 1 15 1 20
13 13 9 13 13
8 9 2 21 14
10 7 11 10 2
15 24 15 24 15
11 13 9 13 11
0 0 0 1 6
6 6 0 0 11
7 7 2 24 2
15 8 15 9 15
6 11 9 11 5
7 21 2 21 7
17 26 26 17 26
7 10 21 11 14
5 6 26 6 5
21 8 8 21 6
10 2 2 7 11
17 17 26 26 26
8 15 9 6 15
11 10 11 10 21
5 5 6 9 5
8 13 13 13 8
21 8 6 15 8
11 10 10 11 10
21 7 10 10 21
9 6 8 9 15
8 8 8 8 24
11 11 13 2 11
6 0 6 26 0
6 14 10 14 11
11 4 10 4 11
2 2 2 2 11
21 7 21 10 7
8 2 2 6 21
0 17 26 6 11
8 11 2 11 2
10 10 10 0 6
6 11 11 2 7
21 6 6 10 21
0 26 17 6 26
21 0 0 21 6
21 9 14 21 6
9 13 9 11 11
13 11 13 9 11
21 6 10 0 6
26 18 20 20 17
7 10 10 14 7
13 13 5 4 5
13 7 7 13 7
6 11 0 26 0
6 9 9 6 11
21 14 14 14 6
8 9 8 2 2
15 24 8 24 15
17 8 26 0 6
11 11 5 4 5
14 14 14 10 14
26 5 26 5 26
7 7 13 7 13
6 0 0 6 6
13 13 9 13 11
8 9 2 14 21
5 4 5 4 5
17 17 26 17 6
7 10 10 10 11
26 17 8 0 2
21 21 0 6 0
2 2 10 14 10
11 4 4 5 4
6 17 26 0 11
8 13 8 24 13
7 7 4 13 4
13 7 4 4 13
