18 10 18
10 14 25
8 9 25
25 9 25
25 22 10
20 3 25
21 25 11
13 1 9
8 24 6
8 8 22
22 13 10
21 23 0
14 20 9
18 1 18
3 11 20
17 17 23
3 3 8
14 7 7
9 9 17
11 25 14
18 9 18
7 11 14
3 0 0
24 6 6
3 0 17
21 10 21
17 13 13
9 11 7
24 0 22
24 25 14
23 3 17
20 1 20
11 24 24
8 22 8
18 9 25
3 9 8
14 14 25
25 20 9
17 9 25
9 11 25
21 9 18
20 9 23
23 23 3
9 22 11
6 10 24
13 22 22
10 10 24
23 9 20
9 0 22
8 3 8
21 18 10
7 9 11
7 11 25
13 17 13
14 25 1
14 14 9
7 14 14
23 3 3
13 10 18
8 17 17
17 25 22
1 14 7
20 20 1
8 8 10
11 7 14
9 22 18
21 21 11
18 13 24
8 8 7
1 20 20
18 18 18
11 10 26
25 11 9
14 7 9
10 21 10
6 10 25
13 22 17
25 18 25
17 20 23
24 10 8
25 9 20
10 22 21
17 8 8
7 25 11
11 11 21
6 14 24
23 7 11
3 14 9
10 3 24
22 3 3
14 6 6
10 24 14
22 3 0
22 22 9
14 14 7
14 13 10
22 6 7
10 21 9
1 18 18
22 13 22
1 23 13
20 3 3
0 9 11
22 10 8
24 14 10
17 22 22
10 6 3
9 21 8
9 11 22
20 20 13
23 17 20
25 10 21
17 17 13
13 1 20
25 21 11
18 22 25
9 7 25
24 24 11
22 9 25
22 22 17
25 14 25
13 13 10
23 7 23
21 9 25
24 21 10
20 20 23
25 10 22
25 1 14
7 20 13
25 13 25
1 25 25
25 14 10
7 1 13
9 11 14
7 11 7
24 3 24
22 18 18
7 11 13
0 9 22
17 9 13
7 23 11
9 14 14
22 17 22
14 18 25
8 1 8
22 18 25
21 3 14
18 1 1
25 9 1
10 6 22
25 25 11
9 25 18
7 20 1
10 8 8
9 23 20
9 20 17
0 22 17
8 9 17
22 8 22
11 7 7
3 9 21
10 18 21
14 14 11
13 18 13
11 7 11
0 3 0
3 22 17
18 13 25
22 9 13
3 17 0
9 22 13
9 13 18
10 21 21
25 1 13
13 1 7
18 14 13
13 18 20
10 22 10
10 3 10
8 21 9
8 8 8
11 26 10
25 18 9
8 17 22
9 11 17
21 24 24
17 3 20
24 21 21
11 14 3
3 23 23
21 10 10
21 21 18
18 25 14
3 22 24
22 0 24
17 8 0
25 11 25
18 18 10
23 3 23
18 25 18
3 17 3
3 3 11
25 9 22
9 0 20
8 10 24
10 26 8
23 3 20
3 10 21
20 20 9
22 0 0
8 24 24
10 6 14
17 22 13
1 25 18
8 3 17
7 7 7
24 8 10
17 17 9
24 11 11
25 14 7
25 21 21
25 10 25
11 11 11
14 13 11
24 21 14
8 10 8
10 25 22
14 11 25
20 13 17
24 3 11
25 10 24
25 6 25
25 18 22
10 8 3
17 22 9
9 13 13
17 3 17
22 23 6
11 14 11
21 21 24
25 21 10
20 9 14
11 24 21
13 14 13
25 18 18
8 10 10
14 18 13
17 9 17
13 17 9
10 21 6
25 18 21
24 24 14
25 7 9
13 14 18
25 14 1
11 23 23
25 22 22
6 10 21
10 21 22
14 13 14
10 6 25
13 18 1
3 8 8
9 21 25
18 1 25
11 14 7
9 21 10
14 13 1
14 25 25
23 11 7
22 3 7
1 17 22
11 9 23
20 13 1
14 10 14
14 24 24
0 23 0
11 8 10
9 25 20
20 3 23
21 3 20
11 7 9
25 1 25
24 10 3
8 8 14
13 13 18
11 21 25
24 11 21
1 1 25
22 10 10
20 13 13
13 13 22
18 9 9
21 11 21
10 1 13
23 11 23
8 8 24
10 6 24
20 3 9
25 14 14
25 10 18
21 11 11
21 18 21
24 24 24
9 18 25
17 3 8
17 23 20
18 18 14
24 10 25
25 21 18
21 25 10
14 9 7
1 14 25
8 8 17
23 23 7
14 3 11
24 10 14
3 21 23
14 24 6
11 25 25
14 1 1
6 22 6
8 24 3
8 10 3
3 24 3
1 18 1
9 18 22
7 9 14
15 7 18
1 22 13
6 24 8
24 21 11
22 13 17
22 8 0
25 9 18
1 13 13
13 13 1
6 6 21
9 13 20
21 21 25
11 3 10
17 13 17
10 10 21
21 11 24
17 17 17
22 17 8
1 17 13
20 17 20
10 8 22
10 18 10
0 10 21
26 26 8
21 21 10
1 14 18
1 7 13
17 9 9
1 25 9
3 23 3
25 9 14
26 22 10
22 22 22
0 8 17
14 9 25
7 14 1
9 7 23
25 25 9
10 22 22
11 11 24
25 3 10
10 0 22
21 24 11
3 25 24
25 24 6
24 24 21
14 14 1
21 22 25
24 10 10
13 10 13
3 8 24
21 21 21
18 22 13
6 24 10
22 11 22
8 22 22
8 18 8
18 22 9
9 3 11
13 8 8
1 14 14
7 14 9
0 25 23
13 14 20
1 20 15
9 17 13
20 17 23
25 25 10
0 6 22
10 8 24
22 17 17
8 18 21
18 25 21
25 18 1
10 3 22
0 0 11
8 24 22
1 9 25
20 9 1
24 14 13
22 18 20
14 25 9
22 3 8
13 9 20
14 25 10
18 18 13
10 10 18
1 1 18
10 10 8
1 9 20
11 14 25
25 22 9
13 13 13
3 22 0
18 25 25
11 25 22
18 18 25
20 23 17
14 24 10
1 3 25
25 22 8
3 3 23
17 9 8
8 24 10
22 11 9
13 20 1
3 3 3
9 9 9
14 7 25
3 20 1
8 6 14
10 18 18
3 25 22
3 10 3
7 7 20
22 18 13
24 3 8
18 22 22
20 9 20
20 20 14
17 21 9
11 21 11
14 7 13
3 11 3
25 11 11
22 17 9
20 20 3
18 22 18
13 20 20
20 20 7
7 22 1
9 18 0
22 8 10
24 24 10
10 8 25
13 25 13
6 10 6
7 23 23
13 18 10
18 10 21
3 22 11
9 9 18
23 20 9
1 25 14
9 23 17
9 8 0
14 14 14
9 7 1
25 18 10
1 14 9
17 13 20
14 7 14
14 8 24
13 18 22
13 17 1
11 21 21
24 21 24
8 20 8
9 20 20
25 13 14
17 22 3
11 10 8
22 22 8
22 9 17
23 20 20
18 21 21
17 17 22
7 11 11
6 25 6
17 20 13
25 25 1
17 1 13
3 0 22
22 18 9
20 17 9
9 22 17
10 8 21
6 3 22
20 14 25
18 10 10
10 22 25
23 23 23
3 6 24
18 25 1
