14 19 18
17 12 17
20 5 11
0 18 14
20 2 13
17 0 15
19 4 14
19 0 10
15 5 0
3 14 9
4 5 9
20 13 3
4 6 18
15 6 18
9 2 0
10 20 12
0 19 3
0 9 3
6 5 10
4 5 17
12 2 1
4 21 10
8 9 13
9 6 21
2 12 18
9 20 4
21 11 4
21 16 0
12 8 5
2 20 3
1 0 11
20 11 5
20 13 8
10 14 12
20 0 0
8 13 20
21 17 21
10 18 6
3 1 8
6 14 5
9 14 15
18 7 15
15 15 17
11 4 20
1 7 11
5 17 13
8 5 3
4 17 6
2 5 18
2 6 14
13 9 3
8 5 2
9 6 4
2 20 18
10 1 12
12 11 12
6 14 16
11 9 8
15 21 20
8 19 17
14 19 5
6 7 6
8 7 17
17 21 4
10 3 3
8 3 13
13 6 20
3 18 6
0 8 4
4 6 12
5 6 21
10 5 10
1 16 17
15 7 0
20 15 1
3 12 7
8 5 15
0 3 15
21 15 16
0 9 8
21 2 10
5 3 9
14 12 12
1 1 11
19 9 2
18 5 7
2 1 5
7 8 20
21 4 14
0 13 8
4 15 10
9 20 6
14 1 6
20 15 15
18 9 12
15 14 14
1 7 14
19 4 13
5 15 4
7 15 6
12 9 9
19 8 10
16 2 20
5 6 12
6 9 3
16 10 2
0 8 20
5 10 17
5 1 0
16 19 10
3 18 9
8 8 19
2 7 14
10 16 11
8 6 17
11 14 13
5 2 18
19 17 17
18 9 20
11 19 5
0 5 20
19 8 5
2 21 2
21 4 17
0 20 21
10 7 15
9 19 20
1 9 16
6 3 5
14 0 11
6 15 21
21 8 9
21 17 14
10 21 21
8 20 10
5 9 12
2 5 7
1 17 12
4 19 4
0 0 18
2 9 13
10 12 3
3 15 5
2 2 9
1 18 6
14 19 14
0 8 14
7 3 11
4 18 5
21 12 14
20 21 0
15 20 11
0 2 9
8 5 18
2 7 15
8 20 5
13 1 15
5 6 13
13 13 8
0 0 4
5 18 1
19 19 10
7 20 4
1 5 20
18 12 19
9 5 7
5 20 16
7 12 8
7 17 19
4 15 3
8 12 7
2 15 1
14 4 20
14 20 20
2 12 20
4 20 8
3 14 6
11 21 0
2 6 18
1 11 19
2 20 9
2 1 1
7 9 13
15 1 20
21 15 7
18 12 7
14 5 7
0 7 14
9 0 20
13 7 19
3 15 21
1 10 16
14 19 10
18 12 3
4 0 1
19 21 8
9 4 17
7 21 11
9 15 1
6 12 19
12 15 16
9 7 13
19 9 10
4 10 8
10 7 4
21 21 16
11 16 16
13 9 10
12 9 7
2 11 0
2 14 20
13 6 1
19 3 12
8 1 8
10 7 6
11 17 1
10 0 6
1 3 16
2 17 10
19 7 19
18 3 4
4 17 18
13 11 17
18 2 11
6 10 5
9 18 5
0 15 15
15 17 14
10 9 10
0 18 7
9 19 14
16 20 11
8 1 21
21 6 17
11 5 17
2 12 4
19 18 15
17 0 3
9 17 5
6 20 21
14 12 11
9 10 2
21 20 21
8 20 9
2 18 10
1 19 16
5 12 20
1 5 1
9 16 13
14 7 19
3 8 11
20 10 2
8 21 10
13 21 16
12 11 7
4 9 8
8 9 9
14 15 20
7 2 21
1 4 11
1 18 4
18 14 6
11 15 18
5 9 18
7 21 1
7 15 11
13 3 7
1 0 6
2 12 15
18 0 5
9 15 2
8 19 5
15 16 21
9 11 19
21 18 21
3 11 9
9 14 9
13 15 0
10 21 18
5 12 1
17 5 4
5 18 5
19 0 13
20 8 11
10 12 9
7 0 20
7 2 5
9 5 11
14 6 0
21 7 1
3 5 10
10 0 7
11 6 1
9 13 18
21 21 7
1 17 3
11 18 0
14 12 4
10 2 6
20 13 17
12 15 15
3 9 6
16 2 13
12 11 8
14 7 21
14 18 20
9 3 5
9 2 9
0 3 10
4 15 6
17 8 11
17 14 5
16 20 3
17 15 14
12 17 19
12 4 16
6 21 8
19 13 3
15 20 6
21 21 18
15 21 4
11 9 2
14 1 4
21 6 11
9 19 3
2 5 19
9 18 2
1 11 12
18 0 21
4 4 2
10 7 20
14 16 19
5 20 3
5 6 4
18 12 4
14 10 21
18 8 21
9 4 12
15 19 5
7 16 9
13 2 12
18 8 18
20 15 14
4 0 5
19 15 12
1 15 5
3 12 1
8 19 7
3 19 0
9 5 9
15 16 20
16 2 9
10 4 19
19 21 18
18 1 12
11 7 18
0 21 0
2 16 17
1 14 12
17 1 3
7 4 14
0 13 14
9 12 0
19 15 19
18 2 10
21 13 15
3 8 4
21 1 5
7 4 21
14 17 20
21 6 5
0 17 20
14 10 7
14 2 0
9 0 6
6 10 0
7 2 8
1 6 12
0 16 7
12 18 0
8 10 8
12 7 16
17 1 13
7 16 20
5 7 17
19 19 11
2 5 13
20 3 17
11 20 9
11 20 18
10 19 4
19 16 13
13 20 14
7 0 15
13 14 2
19 10 15
8 2 16
17 15 18
2 17 8
13 4 15
21 10 13
18 7 10
2 12 10
7 8 17
2 7 6
7 1 19
0 7 9
7 8 6
14 6 12
19 1 11
14 9 4
18 12 13
6 5 13
17 21 3
12 4 6
13 19 3
5 20 0
9 4 3
13 7 14
4 10 2
19 6 3
11 13 12
4 14 3
9 15 3
12 10 3
2 17 11
0 19 14
2 17 16
2 2 17
14 10 12
21 18 5
20 16 12
21 9 21
15 11 9
15 16 11
2 13 0
10 17 0
7 2 2
8 21 0
13 0 6
18 7 18
21 7 18
5 3 2
16 21 1
3 6 6
21 16 3
16 15 6
5 9 3
18 14 0
6 11 13
14 21 15
7 4 9
14 9 13
9 5 21
12 6 16
14 3 19
6 11 8
10 20 15
6 15 19
1 18 1
14 12 5
8 19 2
17 15 3
5 17 6
15 2 19
9 9 0
17 3 20
14 9 18
9 20 14
16 6 14
1 9 4
9 15 4
21 20 10
21 15 20
5 1 13
19 19 17
7 6 1
14 15 4
1 13 11
6 21 15
21 15 14
0 11 10
19 20 15
1 20 11
14 7 11
13 6 3
15 17 2
20 15 18
19 19 13
16 7 13
18 12 11
15 0 1
18 13 14
13 17 7
10 5 0
17 15 7
20 0 19
4 11 20
12 6 20
8 7 8
14 18 18
13 21 7
11 20 13
14 17 16
15 4 4
21 16 15
18 15 17
17 19 15
12 16 1
2 7 11
15 20 0
8 8 5
11 19 17
19 1 0
19 12 12
2 0 7
9 7 15
9 16 11
20 0 4
15 3 5
14 6 20
6 11 5
16 10 1
12 3 8
1 21 4
7 13 18
6 13 3
0 14 20
3 3 13
6 20 10
9 2 11
17 5 2
12 17 20
9 10 9
10 1 15
18 5 5
13 7 20
10 0 12
13 18 2
1 6 16
6 3 11
8 2 3
17 17 1
5 7 4
9 14 18
20 13 11
9 13 21
14 12 10
21 3 20
9 19 2
14 11 10
10 8 8
5 1 1
13 15 17
