20 11 20
10 13 17
23 23 23
24 13 10
15 7 14
4 4 17
7 18 6
17 7 25
1 7 1
14 14 25
11 16 4
8 4 4
7 21 18
5 15 25
5 6 0
7 26 24
9 6 9
14 14 11
20 7 1
4 2 14
15 7 17
5 9 8
20 14 20
5 6 9
11 20 14
5 20 23
20 14 1
15 25 25
6 16 6
26 7 11
6 16 13
26 26 8
6 6 6
7 1 20
5 6 8
7 14 10
9 7 8
15 25 14
15 15 11
1 1 1
18 18 17
11 20 11
10 9 9
16 16 24
25 17 25
15 5 24
6 9 14
5 7 8
19 8 8
7 7 1
6 6 9
17 14 10
10 17 13
23 7 23
5 0 6
7 23 5
7 18 21
16 8 19
9 14 7
26 7 4
17 14 17
1 8 8
6 6 16
14 9 10
9 9 8
8 7 8
7 2 19
7 9 7
14 1 14
24 15 15
9 13 25
6 11 17
17 17 14
7 13 4
7 19 9
10 14 10
18 11 15
6 13 17
6 14 14
9 6 13
13 15 13
10 25 25
14 7 9
15 20 17
21 21 11
14 15 23
8 19 24
9 7 7
14 18 13
14 14 19
15 20 14
8 7 18
25 14 25
14 17 23
17 15 15
8 4 24
6 9 6
6 17 14
20 14 14
19 8 19
20 20 20
8 8 26
11 20 23
17 17 10
5 9 6
24 24 10
5 16 19
10 6 6
9 8 11
10 10 13
23 23 5
25 25 9
15 24 24
19 20 9
4 4 4
19 19 6
14 7 6
16 16 26
11 14 11
7 9 20
7 9 17
6 13 10
9 6 14
8 7 13
17 24 13
11 18 11
26 16 20
10 10 14
8 4 19
14 17 20
8 26 7
7 9 8
9 9 1
18 11 14
9 8 19
7 8 11
8 26 8
11 23 14
18 15 23
8 16 26
7 10 14
21 21 18
15 10 15
15 24 15
11 11 20
9 14 25
2 9 8
8 8 19
10 17 10
1 14 17
7 23 25
20 20 18
11 23 17
7 21 11
24 24 24
16 16 8
9 1 1
16 19 9
13 13 18
7 5 9
7 21 15
7 23 23
9 7 1
9 4 13
7 18 4
8 19 6
10 14 17
16 4 14
7 20 1
1 20 1
5 21 14
14 13 17
1 14 14
17 18 17
7 25 17
17 15 18
19 19 9
7 26 26
24 10 17
14 18 20
6 13 16
10 10 10
10 24 17
11 14 6
15 15 24
5 15 24
16 26 16
11 8 13
13 17 17
14 14 18
2 8 9
5 10 9
2 2 11
17 10 17
26 7 26
7 26 11
11 11 23
5 6 16
25 25 17
16 8 16
11 4 4
17 24 10
14 15 25
9 9 9
11 18 23
11 20 20
8 26 16
25 25 10
16 4 4
7 25 10
1 1 14
8 19 7
18 17 18
11 16 2
5 8 16
2 2 4
26 20 7
7 9 1
5 6 24
16 8 4
5 6 19
5 15 7
7 14 15
9 15 2
16 19 8
11 14 14
14 18 18
7 9 24
11 23 21
6 17 10
7 14 7
14 20 14
5 15 23
9 1 20
18 11 18
6 13 26
6 13 14
15 25 10
24 16 13
7 9 14
14 1 1
14 14 20
10 10 9
8 19 20
8 7 26
9 7 20
16 19 16
7 14 20
24 11 16
20 23 21
8 16 16
14 7 7
10 24 25
7 26 20
10 10 17
24 10 25
8 24 4
17 15 11
20 23 23
17 13 17
14 23 20
10 14 14
24 13 17
5 6 10
24 10 10
24 10 24
10 6 9
14 7 1
18 14 18
7 18 2
15 20 15
8 8 16
9 9 10
7 15 14
6 2 2
17 15 20
14 7 14
16 24 24
7 8 9
10 10 6
20 1 14
9 9 6
17 17 18
17 13 14
8 19 4
5 25 14
11 8 24
14 17 10
24 13 24
24 16 11
26 26 24
17 18 18
9 10 14
8 2 19
7 11 23
5 25 25
6 4 4
7 8 1
8 24 6
5 24 10
13 18 20
6 9 10
14 23 15
16 19 19
2 19 2
13 13 17
17 14 13
16 11 14
8 16 8
8 7 11
10 9 6
7 21 5
5 16 6
10 13 15
5 9 25
14 10 9
26 16 7
7 15 17
5 24 15
9 24 20
16 24 11
6 13 6
6 13 20
9 1 8
11 21 17
7 5 7
14 14 14
10 17 14
24 13 13
9 8 20
14 9 9
7 7 5
2 2 9
7 7 26
26 8 11
10 15 17
2 11 8
6 14 17
17 25 25
1 14 1
18 23 23
5 6 6
16 11 18
13 18 14
14 7 23
14 23 7
5 23 20
2 2 19
5 24 24
16 24 13
17 15 13
7 5 25
18 18 14
11 18 18
8 5 7
24 16 24
1 7 8
10 9 14
15 5 15
26 7 20
11 17 14
26 7 16
10 17 17
5 23 25
14 17 18
2 11 4
8 7 9
24 11 8
8 8 7
1 1 17
11 17 20
7 13 2
17 25 7
17 14 14
17 18 14
20 11 17
25 10 17
7 7 9
15 14 15
18 18 11
18 15 18
11 21 14
11 11 11
9 14 26
15 15 15
25 25 14
20 23 11
7 5 6
7 8 26
11 18 14
14 7 18
17 15 7
11 18 15
26 20 20
9 8 24
16 7 26
20 11 23
17 7 15
6 20 17
2 7 11
4 2 17
1 20 7
16 8 8
9 23 4
8 20 18
20 20 17
7 14 17
20 17 11
11 23 7
8 16 19
7 5 8
2 2 20
14 14 6
4 4 14
9 19 4
8 19 8
11 11 18
6 20 13
14 17 14
13 15 17
14 11 18
7 14 1
20 14 11
20 20 1
15 14 25
6 6 13
9 19 8
19 9 20
17 20 15
8 8 1
11 18 17
14 25 25
11 20 17
25 14 7
5 5 15
26 20 26
1 7 20
6 2 1
5 16 16
17 14 18
9 19 20
9 14 21
25 10 25
8 6 4
6 4 8
9 10 9
13 13 14
19 9 8
8 8 14
16 4 2
18 17 14
8 8 8
14 15 15
18 15 11
5 21 25
7 7 11
19 9 9
19 9 19
26 26 26
16 26 8
13 18 18
17 17 13
11 8 2
5 8 8
9 14 23
6 17 13
21 18 14
5 7 7
7 19 2
10 6 10
11 4 8
7 25 14
5 7 5
5 24 6
13 17 14
8 20 13
11 11 17
7 5 10
25 10 14
13 17 13
6 2 8
19 19 19
10 14 9
8 7 1
9 19 19
8 19 19
11 14 17
5 7 10
9 6 20
14 17 13
20 23 18
14 20 18
13 18 17
18 18 15
6 11 14
5 5 7
15 13 17
14 11 14
16 8 26
9 7 14
14 14 10
17 14 20
14 14 13
19 19 8
8 7 7
6 6 11
8 24 16
14 18 11
5 20 26
9 8 4
7 5 5
9 14 10
5 7 26
1 17 14
8 7 14
1 8 1
17 10 14
14 23 23
9 2 13
24 24 13
15 15 20
5 15 15
1 1 20
8 2 2
2 2 2
18 18 18
5 7 20
20 17 18
9 10 6
6 9 13
7 8 13
8 7 24
20 11 11
20 20 14
11 7 23
14 7 20
14 17 26
11 11 14
9 14 9
7 11 21
14 9 7
8 6 19
16 16 16
1 8 7
14 10 10
7 9 19
10 24 13
1 1 8
8 5 8
7 14 9
8 16 6
8 8 9
9 9 14
15 20 25
