14 22 26
25 25 12
26 26 4
5 24 9
5 5 5
22 22 12
7 7 7
8 17 8
5 5 16
18 18 5
9 20 24
17 17 24
20 2 5
0 22 16
10 14 2
22 18 18
20 16 24
26 17 11
20 3 25
11 10 24
23 23 12
9 14 5
17 17 9
16 5 5
22 12 10
22 14 24
22 5 22
3 10 4
17 17 12
4 12 17
1 25 20
11 1 5
5 16 5
22 5 5
25 12 23
11 20 5
12 12 17
12 22 10
12 10 14
5 24 24
9 10 26
25 16 9
2 9 24
20 16 9
11 5 20
25 20 3
3 12 17
3 16 25
26 17 26
4 10 10
4 12 12
10 10 26
9 9 16
2 10 10
2 17 9
5 24 16
8 9 3
22 24 2
8 20 3
9 10 12
3 9 25
5 24 2
12 3 18
3 16 24
9 24 24
12 25 3
4 7 17
7 9 8
12 5 22
2 26 22
2 26 10
3 8 24
20 25 1
9 20 16
11 24 24
17 4 4
24 3 24
10 4 3
24 20 24
3 10 3
16 16 5
25 3 24
15 12 12
10 22 26
1 11 1
3 20 25
5 18 12
11 2 24
23 15 15
10 26 10
7 7 17
2 5 2
4 3 9
16 22 18
4 12 3
16 25 16
4 3 11
4 3 15
4 26 11
10 22 14
25 16 3
9 17 2
3 23 3
18 5 18
25 23 12
9 0 18
24 0 22
22 18 0
15 25 23
16 16 3
15 3 25
25 3 9
1 17 8
14 14 2
5 22 0
0 0 0
12 22 12
8 8 3
12 22 14
3 3 25
26 11 10
9 10 10
9 11 3
12 0 5
11 1 1
12 9 9
17 8 24
10 2 10
1 17 1
17 26 22
9 10 2
17 11 2
9 12 9
9 10 11
9 0 5
22 22 22
12 14 14
10 10 14
9 2 24
23 3 3
26 26 9
17 2 22
12 12 15
18 18 16
12 7 7
17 8 9
3 4 10
7 24 17
9 2 22
15 25 3
24 0 2
2 7 17
25 20 20
8 3 4
2 7 8
4 3 20
10 2 14
22 9 2
15 12 3
5 16 12
1 20 25
3 15 23
25 23 22
17 7 24
25 1 20
17 8 3
22 22 2
12 0 24
9 3 12
3 9 3
25 5 16
17 9 8
12 14 10
11 10 11
3 9 17
25 23 16
2 7 7
5 12 18
9 14 14
11 17 17
3 12 22
7 7 12
25 25 22
23 25 12
10 10 11
9 10 15
15 23 23
10 12 15
24 2 9
17 9 24
16 0 22
24 24 3
16 22 0
24 16 0
17 17 4
11 3 4
7 24 8
3 15 12
3 15 3
23 23 16
23 15 23
2 5 16
1 25 1
17 2 26
12 22 5
3 9 5
12 9 16
22 2 9
15 3 3
3 10 12
15 3 23
22 24 10
12 23 25
16 16 25
8 20 24
11 26 9
4 3 3
15 15 12
12 25 23
26 4 26
15 23 3
14 2 22
26 10 10
24 11 9
5 22 18
4 8 3
10 3 10
1 1 1
15 23 15
16 22 12
9 24 9
10 11 10
17 17 17
17 22 14
9 17 14
12 22 0
23 16 25
0 0 18
12 0 0
23 23 3
1 1 11
3 9 9
25 3 16
11 10 26
20 3 16
22 5 16
23 15 3
12 16 5
4 15 4
12 23 23
26 10 11
17 7 9
9 14 22
12 12 5
22 22 5
10 3 4
16 25 5
15 12 4
16 16 18
20 24 5
25 20 11
26 10 26
12 9 14
9 20 5
2 24 9
23 25 5
17 24 8
26 10 24
16 12 16
24 11 3
14 2 14
26 4 4
17 24 11
18 0 18
9 10 22
3 3 23
22 18 16
4 26 15
12 12 9
3 16 16
23 5 25
12 22 22
26 2 10
5 22 5
15 12 15
17 11 11
2 7 9
3 24 16
9 0 9
20 16 16
20 11 2
5 16 16
5 12 5
17 4 17
10 10 9
4 26 10
10 12 3
8 8 17
25 16 16
20 11 5
25 5 25
3 8 20
3 25 15
17 26 2
10 26 26
16 16 9
8 4 3
12 25 15
3 4 15
7 7 24
11 4 3
17 22 2
17 17 7
10 10 3
10 10 10
11 10 10
9 0 0
0 0 22
12 3 25
18 18 18
3 12 12
9 9 18
11 24 9
22 26 10
17 22 12
2 14 14
25 3 20
25 25 24
9 12 18
3 16 3
18 18 0
25 3 15
20 24 16
7 17 24
16 12 3
11 24 2
3 12 25
17 24 7
14 14 14
7 12 7
8 9 16
5 12 0
4 15 3
0 18 0
3 16 12
9 10 14
23 12 25
8 9 20
20 25 20
17 17 11
23 16 23
14 22 2
22 5 18
12 0 18
4 17 12
4 7 22
20 5 2
5 5 22
17 9 7
12 9 7
3 3 15
26 4 11
3 8 8
20 25 3
24 9 3
10 14 14
12 9 0
25 20 1
4 7 12
2 10 26
2 0 16
4 4 4
3 25 12
3 23 23
3 4 11
17 12 22
2 2 2
26 26 10
3 11 24
12 23 15
20 16 5
12 12 3
20 24 24
24 11 24
4 8 8
3 12 16
10 14 22
25 3 12
12 17 22
22 10 22
22 22 16
11 17 11
7 8 7
3 3 3
17 7 17
17 22 26
9 24 2
24 24 11
24 9 16
9 9 2
9 24 3
17 24 9
9 3 11
11 26 10
17 4 12
10 9 10
12 18 0
12 3 16
9 9 5
4 11 3
9 7 22
26 4 15
4 17 3
8 3 8
22 22 10
17 7 12
24 5 16
12 12 7
4 8 17
22 12 16
2 5 22
4 3 7
15 15 15
17 9 17
26 26 26
23 12 12
3 12 4
2 9 17
11 1 11
11 11 4
8 3 24
5 5 12
8 3 3
23 25 16
9 9 24
10 24 11
2 7 24
17 3 8
20 20 3
24 5 24
12 5 0
9 11 24
22 17 12
9 12 17
23 3 23
17 2 7
3 12 5
8 20 9
22 24 14
23 23 5
12 12 4
25 23 3
10 4 10
9 9 12
23 23 23
16 12 14
16 16 12
3 7 17
7 9 24
15 3 12
5 0 12
3 23 15
4 15 15
17 22 24
12 16 0
10 11 24
5 18 22
10 9 11
12 12 14
24 20 9
3 9 8
3 20 20
22 22 26
4 3 12
12 22 16
10 4 26
7 9 17
17 17 2
25 16 15
8 3 25
25 25 5
3 11 11
12 12 22
11 2 2
25 12 25
3 12 9
11 5 11
12 15 23
3 25 24
3 7 7
8 3 20
18 0 0
17 8 2
3 18 22
12 14 22
7 12 12
12 15 12
14 14 22
22 10 26
25 12 12
24 0 0
7 7 8
4 15 23
4 3 8
11 11 11
18 5 22
5 2 24
17 2 17
7 17 9
3 23 25
16 0 14
24 24 24
17 11 24
12 4 12
11 26 26
20 20 16
22 12 22
2 2 5
10 9 12
12 12 25
25 15 16
12 16 16
4 10 26
10 10 24
24 20 16
24 9 2
12 14 0
25 5 23
26 2 26
3 24 11
17 9 2
0 22 5
3 16 5
17 2 2
8 8 8
4 3 25
9 22 26
17 22 22
16 5 22
26 17 2
17 8 7
9 9 3
23 12 23
22 2 26
17 11 17
3 24 8
3 4 3
4 26 26
24 0 14
2 17 24
8 24 3
10 11 26
22 12 5
9 17 22
17 7 7
16 5 16
25 3 23
0 18 22
9 0 14
2 5 24
3 25 16
22 0 16
25 5 5
25 23 5
17 3 4
17 7 2
12 7 9
23 16 3
4 4 15
17 2 14
17 24 17
24 16 9
4 3 17
23 23 15
3 7 9
3 10 10
17 8 17
23 3 16
25 15 3
9 14 2
22 5 0
5 16 22
20 5 24
25 16 24
3 3 9
2 5 0
20 20 11
24 16 5
24 9 24
9 5 22
12 25 12
10 9 2
20 5 16
2 9 2
12 12 16
18 5 12
