0 0 5 5 7
23 5 24 8 23
10 10 10 16 16
16 7 26 0 1
23 23 26 23 19
10 16 16 23 10
22 4 9 4 22
22 22 0 3 16
22 12 25 12 14
9 25 10 14 24
26 26 5 5 5
3 26 1 14 0
10 9 9 3 23
14 9 9 25 9
4 8 26 4 5
12 8 12 23 5
9 14 2 2 7
8 19 19 8 19
7 26 5 26 23
14 9 6 14 26
25 25 25 3 16
26 16 26 24 19
22 14 12 9 12
10 1 5 26 0
22 9 9 8 9
0 8 26 0 19
22 4 4 9 4
25 3 9 3 3
26 26 26 24 8
9 9 10 9 10
10 0 4 0 24
22 10 4 12 14
0 10 0 4 16
16 16 16 8 19
26 26 8 10 4
23 16 8 16 24
22 9 25 25 22
12 8 7 2 12
10 4 16 4 22
0 26 1 24 16
0 7 7 7 0
0 0 7 26 23
26 8 26 10 2
24 24 24 19 16
12 12 24 24 5
23 7 5 26 23
26 5 5 23 26
25 25 26 12 23
16 16 8 16 8
0 10 4 0 26
24 19 24 19 19
7 23 23 7 23
10 23 10 22 4
8 12 14 8 2
10 4 22 9 8
14 9 14 7 26
0 0 16 4 0
0 26 1 24 14
25 8 8 5 16
10 26 0 8 7
22 12 12 25 14
25 3 0 12 23
24 19 16 19 26
22 12 22 12 12
8 12 8 14 9
22 12 0 22 12
22 12 0 0 12
12 0 12 22 22
10 10 10 23 10
23 5 8 26 16
4 0 10 0 8
14 14 9 9 14
8 12 19 2 5
12 12 12 5 5
26 5 26 24 8
12 12 12 5 24
23 16 5 8 5
10 8 2 2 26
16 19 19 26 24
16 16 26 8 24
26 19 26 24 19
22 22 16 3 22
26 16 10 26 16
8 8 8 10 2
10 10 23 3 3
14 14 14 10 9
22 12 22 0 22
10 10 3 3 23
22 12 14 25 12
24 26 16 24 24
14 10 9 14 9
16 19 19 19 26
25 25 26 7 2
16 16 16 19 24
10 23 23 23 10
9 14 9 26 24
16 8 8 26 19
26 26 8 26 19
12 19 19 5 19
8 12 19 2 23
14 10 9 9 14
9 9 14 2 26
10 14 9 14 10
26 16 8 8 26
10 10 10 10 23
8 10 26 8 2
8 8 10 2 2
0 16 23 7 7
10 8 8 2 26
23 5 24 5 8
14 14 10 9 9
16 19 19 24 16
12 12 7 7 12
3 3 25 8 23
16 10 26 10 26
10 10 10 14 8
23 16 8 16 8
8 8 16 8 16
22 22 4 9 4
14 14 14 14 25
3 3 8 25 3
0 0 0 3 10
23 10 4 8 16
26 26 26 16 16
0 23 16 7 16
22 12 25 14 4
9 10 9 10 2
24 19 19 16 24
8 8 16 5 24
12 12 25 14 14
16 26 8 16 24
10 9 3 11 7
0 26 0 24 19
5 23 19 26 5
22 4 3 4 0
25 9 26 7 11
24 26 19 26 19
10 10 10 10 8
8 19 26 8 16
25 25 12 3 7
12 23 12 23 23
26 24 26 24 26
23 7 23 7 5
22 22 0 23 16
14 8 14 8 8
1 0 8 1 14
10 25 8 16 5
10 14 9 8 26
26 24 19 26 16
16 0 26 2 12
5 5 5 23 26
0 16 24 26 0
9 9 14 26 25
16 10 26 26 10
5 5 7 7 7
12 22 0 8 0
26 26 26 23 26
12 0 22 12 4
22 9 25 14 4
2 12 16 5 2
22 22 4 12 8
25 25 16 5 19
7 7 12 7 7
23 7 5 23 26
10 8 14 2 7
10 8 8 26 5
14 25 9 25 14
22 12 12 22 16
12 19 12 19 16
0 0 0 3 9
22 22 0 16 3
25 0 12 3 23
0 16 23 7 0
10 22 9 4 8
14 14 25 25 9
14 25 14 9 9
12 23 8 3 12
22 25 12 14 4
10 4 4 26 4
23 10 22 10 10
5 23 19 5 26
16 16 8 8 19
8 8 8 16 19
23 5 8 5 16
25 19 25 19 24
10 10 23 23 23
25 25 10 3 9
0 26 1 19 0
22 4 6 12 14
26 8 16 26 8
24 24 24 24 19
22 12 14 25 4
9 9 14 26 2
25 25 19 24 19
16 19 26 24 19
16 10 26 16 26
14 14 14 14 14
22 14 12 9 5
26 26 16 16 10
0 8 0 24 26
8 14 8 14 10
10 9 25 23 3
12 22 12 9 4
10 16 10 16 16
25 8 2 19 5
8 8 8 8 2
12 22 0 12 4
8 10 8 9 14
22 22 3 16 3
24 26 19 16 24
12 8 19 5 23
24 19 19 19 24
10 10 3 3 3
25 9 10 9 10
0 0 0 3 0
22 12 22 0 4
10 3 16 9 4
23 8 23 4 26
9 9 25 8 26
12 22 9 14 12
12 22 0 12 16
10 4 12 4 25
22 22 22 9 22
26 19 19 26 19
25 25 5 7 26
12 22 12 10 14
25 9 19 26 7
25 25 12 3 23
12 12 12 12 14
16 16 8 19 16
0 7 23 16 0
12 12 8 23 19
22 12 22 8 0
22 9 12 14 0
12 8 23 12 10
0 26 19 0 8
25 9 9 14 9
23 7 23 5 7
16 0 26 5 24
24 24 24 24 16
25 25 26 11 23
22 22 10 3 10
10 3 10 4 4
22 10 4 14 12
16 16 8 8 9
10 4 0 5 8
7 3 3 3 3
22 25 9 12 14
12 12 23 7 5
24 24 24 24 24
10 3 10 4 22
5 5 7 26 23
10 0 26 8 5
25 9 26 25 26
22 12 12 9 14
8 8 8 8 10
2 12 16 5 23
10 22 9 4 9
0 0 24 5 5
22 3 4 22 10
8 12 8 2 16
26 16 26 10 23
12 19 12 19 19
10 4 4 16 4
16 23 0 26 7
8 8 8 8 8
24 19 19 16 26
26 24 19 16 19
0 23 7 0 16
7 7 26 5 5
25 25 19 5 26
0 7 0 23 16
16 16 8 8 16
23 16 26 8 5
22 9 25 25 14
12 8 14 12 8
22 25 9 9 12
16 8 16 8 16
16 10 26 10 8
23 8 2 26 8
0 4 14 0 8
26 26 8 10 8
4 26 8 2 2
22 12 25 14 22
24 24 24 16 19
16 0 26 5 0
7 7 5 7 5
26 5 26 5 8
10 23 4 4 4
26 26 5 8 12
24 24 26 26 26
23 16 23 8 16
22 9 25 9 14
22 4 9 14 4
9 9 8 26 12
0 0 0 10 0
12 8 8 23 19
9 9 11 5 26
4 8 26 4 23
23 16 23 24 8
23 23 26 19 5
10 4 4 12 14
10 0 24 5 26
0 26 23 24 0
22 22 12 0 12
8 12 10 8 26
23 7 23 23 7
23 23 23 19 23
10 4 23 8 26
8 14 10 14 10
23 10 22 9 12
23 16 23 19 26
25 25 12 7 3
24 19 19 19 8
9 10 8 11 5
10 4 12 25 8
26 26 8 24 24
10 9 9 9 23
23 23 26 8 23
22 9 8 12 19
14 9 2 26 14
25 3 0 7 12
25 3 10 3 3
22 0 22 23 3
22 12 22 14 5
23 16 26 8 24
10 10 8 16 8
14 8 8 14 24
10 9 3 2 23
26 26 8 5 8
8 12 8 12 8
23 16 5 8 4
22 22 3 0 16
23 10 25 4 4
0 0 7 5 5
25 0 3 12 3
10 26 0 2 5
5 5 24 26 5
8 12 2 16 5
24 24 19 24 16
22 0 23 22 4
23 26 26 5 16
10 10 8 10 8
25 3 12 0 7
25 25 9 3 3
14 14 25 14 25
12 22 25 22 8
10 16 26 8 10
8 8 8 16 16
22 4 9 8 4
12 14 8 12 8
22 3 4 22 4
12 23 8 3 2
25 25 12 12 7
10 4 12 4 8
16 10 22 9 4
25 25 26 25 23
26 19 16 19 19
10 4 4 26 8
24 24 19 16 24
22 3 22 16 4
12 16 2 5 2
14 9 25 9 9
10 26 0 8 5
22 12 0 12 16
10 23 23 3 3
8 10 8 10 14
16 7 26 0 10
22 14 25 26 2
25 9 19 26 2
23 23 5 5 26
23 8 5 26 2
25 8 19 2 5
7 23 7 23 7
5 5 26 24 26
22 12 14 25 16
10 22 4 4 4
26 26 8 26 8
14 10 9 14 16
22 10 4 4 22
26 26 16 26 23
10 4 8 4 26
5 7 7 7 7
22 10 22 10 9
23 7 7 5 26
9 9 8 11 26
22 4 6 14 12
25 25 25 3 26
4 0 4 14 0
25 10 3 3 3
10 26 10 26 8
12 12 7 7 23
22 22 10 22 10
5 26 5 24 24
25 9 26 7 12
16 0 5 26 24
8 12 8 5 16
9 14 9 9 25
23 23 23 7 5
3 10 12 23 4
0 7 7 7 23
5 5 5 5 5
23 4 10 8 26
26 26 8 8 24
26 26 8 5 24
10 8 12 2 5
23 7 5 26 7
12 22 12 9 22
26 16 26 24 16
22 16 22 4 22
22 12 25 12 8
3 3 9 12 10
12 12 5 24 19
19 16 19 26 19
23 16 0 7 0
22 10 9 4 22
16 23 0 26 14
0 16 0 0 10
8 19 19 19 19
7 23 23 7 7
10 16 10 23 26
23 23 23 8 23
25 19 25 19 26
8 8 19 16 19
3 3 10 12 4
0 0 7 7 24
4 26 8 4 4
22 9 12 4 14
23 23 23 16 24
26 10 26 10 23
0 19 26 0 24
19 26 19 26 16
16 16 16 19 16
26 26 10 23 16
10 10 23 16 23
9 10 25 8 26
22 4 25 4 12
23 16 8 26 24
10 22 9 9 25
0 26 0 19 24
7 23 7 5 26
5 5 5 5 23
23 16 0 26 1
10 0 26 5 24
10 14 8 2 7
23 4 26 8 5
25 25 26 5 3
16 16 16 16 16
23 16 8 4 4
16 16 19 24 16
10 10 3 23 3
19 19 24 19 8
22 12 0 22 8
25 25 14 9 9
9 9 3 3 16
3 16 22 10 10
24 24 19 19 19
16 0 26 12 24
5 7 5 7 23
0 0 7 7 7
10 10 23 10 23
8 19 19 19 24
16 23 16 8 8
22 10 22 10 4
16 16 16 24 16
10 8 19 26 26
22 4 9 4 4
0 10 0 16 14
10 16 26 10 8
0 0 5 5 24
0 7 23 0 16
9 9 3 3 10
16 0 5 26 14
22 12 12 22 4
26 19 19 26 16
16 8 16 8 10
12 12 14 14 24
0 0 3 10 0
19 19 19 24 8
5 26 24 26 24
22 10 9 9 9
10 10 10 14 10
23 23 26 5 19
10 0 4 5 26
5 5 5 24 24
26 5 5 26 5
9 25 14 9 10
10 14 8 9 7
22 22 3 3 16
25 25 10 23 0
23 23 26 5 8
14 9 9 25 14
25 12 3 0 7
12 8 12 16 5
16 16 8 19 24
22 12 12 0 4
16 10 23 23 10
10 8 8 8 26
22 4 4 22 9
12 14 14 9 25
10 0 4 26 12
22 22 12 4 12
23 7 23 5 5
10 4 8 26 4
26 26 5 2 12
14 14 14 25 10
0 7 26 0 24
16 23 0 26 24
10 1 5 26 2
16 23 16 8 4
3 10 22 10 10
23 23 26 5 23
10 22 9 9 22
10 4 4 22 12
10 5 26 8 2
12 22 22 12 0
26 26 5 2 25
26 5 26 5 5
10 22 9 4 4
10 14 14 10 9
14 14 14 14 16
10 10 8 8 14
8 10 8 8 2
22 22 22 9 4
10 9 10 9 10
23 0 16 7 26
7 26 5 23 26
12 12 14 25 24
10 22 9 4 14
22 4 9 14 12
23 23 16 19 24
26 16 16 26 10
22 4 25 4 14
5 5 26 26 23
22 22 4 9 8
16 23 0 8 26
24 26 24 16 26
3 26 0 19 1
22 12 14 25 6
14 14 8 8 24
22 12 4 0 8
5 5 7 23 7
23 5 8 26 24
10 9 9 3 7
16 16 16 8 8
26 5 5 26 7
25 25 19 24 24
8 19 16 5 26
4 26 8 4 23
10 8 19 26 5
0 0 0 0 3
16 0 26 5 1
26 26 26 26 23
22 12 4 22 4
16 19 8 19 26
12 14 25 8 14
22 22 12 14 4
4 26 8 2 5
25 3 3 3 10
10 26 12 2 0
8 25 2 2 26
24 19 16 24 16
22 4 9 4 8
26 26 8 4 4
12 23 12 16 8
22 4 9 22 4
10 12 26 19 5
23 23 5 7 26
14 14 9 25 9
16 16 19 16 24
25 12 25 12 7
26 8 26 10 8
7 7 7 7 5
26 16 10 26 23
25 25 25 12 3
0 0 7 7 5
22 22 12 12 0
10 4 8 26 5
14 9 25 9 14
10 26 2 12 0
10 5 8 26 8
22 22 16 0 4
22 4 9 4 14
22 22 9 8 4
22 10 4 9 22
5 24 26 5 24
10 9 9 10 16
25 25 26 11 7
23 7 5 26 26
23 16 16 4 8
23 23 23 19 26
8 14 10 8 14
22 9 12 4 12
10 8 14 12 10
25 25 5 26 23
0 0 3 0 10
7 7 26 23 5
24 24 24 26 24
0 0 7 7 26
12 12 19 24 19
0 0 0 3 3
22 12 22 12 24
23 5 19 26 19
26 19 24 16 19
22 12 14 25 14
10 16 10 16 23
4 0 10 4 0
14 14 14 10 10
12 22 0 8 12
25 25 3 12 3
10 9 10 2 2
10 9 10 2 16
26 26 10 8 8
26 5 24 26 24
9 10 3 3 2
25 3 3 3 0
3 26 0 19 26
12 14 8 14 12
16 26 10 26 8
23 5 8 26 5
23 8 5 26 5
24 24 24 26 16
22 9 9 25 25
16 23 2 0 14
22 4 9 4 12
9 4 4 4 12
14 9 14 23 24
24 19 24 16 19
18 0 8 26 0
22 22 22 9 8
24 26 19 26 16
22 22 12 4 4
10 23 23 23 23
16 8 19 19 26
5 5 5 24 26
4 8 26 23 8
26 19 19 24 16
25 9 19 23 5
16 16 16 24 8
25 3 3 0 3
16 19 26 19 24
10 10 10 3 23
8 8 10 14 14
1 0 8 0 24
22 12 0 4 14
10 25 2 26 5
12 8 14 8 12
8 12 2 19 26
10 0 4 5 24
10 10 10 3 3
12 16 12 26 10
22 22 3 0 22
0 16 7 23 26
23 8 26 5 4
19 19 19 19 24
25 9 9 10 9
2 2 2 5 23
25 25 26 25 26
19 24 19 19 19
16 0 26 1 5
8 2 12 2 16
22 4 4 4 4
26 24 19 16 24
23 7 7 23 5
22 22 22 10 14
8 2 12 8 16
25 25 26 10 5
26 26 10 8 5
24 24 24 26 26
14 14 14 14 9
23 25 10 3 12
0 7 0 7 23
14 9 25 14 9
0 26 7 16 0
25 25 5 5 26
22 22 12 8 0
10 16 4 4 22
8 12 14 8 9
10 4 10 4 4
26 16 26 16 10
14 14 14 9 10
26 10 26 23 10
9 8 2 12 26
26 10 26 16 23
8 8 16 8 19
9 10 9 19 26
16 16 8 19 26
5 26 24 5 24
16 26 10 10 26
24 19 26 19 16
16 16 24 16 24
12 7 7 14 23
9 9 11 5 23
25 9 3 3 3
26 26 8 23 12
12 7 12 16 23
12 22 12 9 8
22 25 9 22 9
10 16 23 16 23
26 24 26 8 16
14 9 14 25 9
8 12 8 2 8
16 16 8 24 16
23 23 16 8 23
12 23 12 23 8
22 25 12 14 22
5 5 5 24 5
1 0 8 14 7
14 14 9 9 9
23 23 23 16 23
10 9 9 19 26
14 8 8 14 8
26 26 26 23 10
22 9 12 4 22
5 26 24 5 26
26 26 26 26 16
25 25 14 9 25
25 3 3 3 9
3 26 0 8 1
8 12 19 2 26
12 7 23 12 8
23 26 26 5 19
7 23 5 26 5
2 12 16 2 5
1 0 8 0 8
12 23 8 23 12
19 8 19 19 24
23 0 16 23 0
16 26 10 26 10
22 4 22 9 8
26 10 26 8 8
0 26 24 0 8
24 19 8 19 19
25 25 3 9 7
19 26 19 16 24
25 3 12 7 3
24 24 19 16 26
26 10 8 26 8
10 3 16 22 9
16 16 16 8 16
22 12 0 0 14
12 23 8 12 16
22 22 10 8 25
22 10 22 3 4
3 10 16 22 10
22 22 4 12 14
14 9 6 14 7
14 8 12 2 16
22 25 22 25 12
8 2 2 2 12
0 8 0 26 8
25 25 9 3 10
23 23 26 5 5
25 25 26 7 11
23 26 16 8 24
25 3 12 0 3
23 5 24 5 26
24 26 26 19 24
14 14 10 10 14
5 24 26 24 5
25 3 0 12 3
25 3 3 12 3
10 4 22 4 12
10 22 4 9 4
26 26 16 23 16
16 8 26 5 8
12 22 9 12 8
22 22 22 22 22
5 5 5 5 7
22 0 16 22 0
22 25 22 25 8
0 26 16 7 0
7 23 5 26 23
12 0 12 22 0
26 26 8 16 24
10 26 0 5 8
22 12 22 4 14
14 10 9 14 2
23 23 23 5 23
22 12 0 12 22
23 8 5 26 16
23 16 8 26 19
7 26 5 7 26
10 10 10 14 14
9 9 11 26 7
25 25 12 3 3
10 4 12 4 14
25 3 0 3 12
25 3 3 10 12
7 7 5 26 7
23 10 25 3 22
14 9 14 10 9
26 26 8 26 24
25 25 10 26 5
10 4 8 26 8
25 10 3 3 10
8 8 19 19 16
25 25 25 3 10
10 10 8 8 26
12 19 19 5 16
22 12 25 22 25
8 12 14 8 16
10 23 10 23 23
9 14 2 2 26
10 10 10 23 3
22 22 10 9 22
0 4 0 14 14
22 9 25 14 12
22 14 12 25 16
22 25 12 22 25
22 12 22 12 0
23 16 0 7 26
10 4 4 16 8
23 9 3 12 8
10 10 10 10 14
14 14 14 25 14
22 12 4 0 24
10 9 9 23 26
26 8 16 8 26
9 10 5 2 7
3 3 25 10 23
22 22 0 3 10
8 12 8 14 2
16 23 8 26 5
16 19 26 24 8
24 26 19 16 19
10 8 8 10 14
0 16 4 0 14
19 16 24 19 26
9 9 3 23 10
12 8 23 12 19
8 2 12 8 2
22 12 0 4 12
12 22 12 22 12
9 25 9 14 26
10 22 9 9 9
5 5 16 23 5
14 8 14 8 14
9 10 9 19 24
12 7 23 8 12
22 22 22 22 12
23 16 23 24 26
12 8 14 12 14
14 14 14 9 14
26 26 5 12 8
22 25 22 25 25
0 10 0 14 24
26 5 26 24 5
10 4 10 4 8
2 12 16 8 5
23 0 16 7 0
16 8 19 26 19
24 24 26 24 26
0 8 26 0 24
26 26 8 4 5
12 14 12 14 24
22 9 25 22 25
12 22 0 12 0
9 25 3 10 23
23 23 23 23 5
25 25 19 16 5
10 8 14 9 12
7 23 7 23 5
25 25 10 9 3
0 0 16 0 10
24 26 16 19 24
26 26 24 24 8
22 12 25 22 14
3 3 8 25 23
12 8 19 5 5
9 9 14 9 11
8 8 19 19 24
9 9 9 9 10
16 26 16 24 19
14 9 10 14 9
23 23 23 7 23
24 19 26 16 19
25 9 23 5 19
22 22 22 12 22
19 19 19 8 19
8 12 8 2 14
16 16 8 16 19
26 26 5 5 2
14 9 2 26 12
22 14 12 6 6
8 10 14 10 10
12 8 8 14 8
26 19 24 16 24
24 24 26 26 24
10 16 10 23 16
10 4 4 12 8
5 5 23 16 19
10 4 10 4 2
0 7 23 0 23
10 10 10 23 23
19 24 19 19 8
23 10 12 3 9
25 8 19 5 19
25 12 7 3 0
26 26 26 8 19
12 12 22 22 12
10 12 19 26 16
26 26 8 8 5
10 4 16 4 4
25 9 23 5 24
26 26 5 8 4
5 5 24 5 24
16 10 8 8 16
9 9 14 11 26
12 14 14 9 8
12 22 25 4 14
14 14 10 14 24
16 16 8 8 8
5 5 7 23 26
25 25 5 19 5
26 26 8 4 12
22 14 25 4 5
5 5 23 16 24
23 26 8 26 23
22 10 4 22 9
8 8 16 5 26
26 8 16 19 24
5 5 5 23 7
10 14 8 9 23
23 26 5 26 5
26 26 16 24 24
22 22 10 16 22
9 9 25 14 26
0 0 0 0 0
26 0 16 7 0
0 7 0 23 23
24 24 24 16 26
0 23 7 16 0
7 5 26 23 5
23 0 16 7 16
25 25 26 3 2
9 10 9 9 10
16 19 26 19 26
12 8 16 12 5
9 10 5 11 7
25 19 19 25 26
12 8 19 5 24
22 22 3 22 3
22 12 14 25 8
0 4 0 14 8
23 16 0 26 10
7 23 7 5 23
23 23 23 16 16
9 9 14 9 25
8 10 14 10 14
10 9 8 2 26
23 26 16 5 19
8 25 2 19 5
16 8 26 24 8
16 23 0 26 0
5 26 5 26 5
23 23 7 5 26
26 26 8 23 5
0 26 7 16 24
12 8 14 8 26
22 22 12 8 4
26 19 19 16 24
8 8 14 10 14
25 3 12 0 23
16 19 19 24 26
25 9 26 25 5
22 12 25 14 12
26 26 5 24 24
22 12 12 22 22
5 24 5 24 24
16 4 7 26 0
26 26 5 8 24
8 8 8 10 8
8 8 16 8 26
0 24 1 0 8
26 26 8 5 5
14 9 9 24 5
25 9 19 16 5
22 10 22 4 22
23 23 16 16 8
22 22 12 4 8
9 9 2 23 5
25 9 9 3 3
22 3 4 0 4
0 24 1 1 14
3 10 3 12 4
9 9 11 23 5
7 23 7 26 5
22 9 22 14 12
8 10 14 10 8
0 16 26 7 24
16 10 22 4 9
19 16 24 19 16
12 14 25 14 12
25 9 19 26 23
23 7 26 5 5
10 3 16 22 10
12 12 24 5 5
25 25 26 19 5
5 5 5 5 26
23 16 4 8 4
23 16 26 5 19
12 16 12 23 8
2 12 16 5 8
10 10 10 16 10
16 16 16 16 8
9 10 3 3 9
12 14 8 25 14
25 19 25 24 19
22 12 14 9 12
24 24 16 19 19
24 24 24 19 24
8 8 19 26 16
16 0 26 1 12
23 16 8 5 5
25 3 3 0 12
0 10 4 0 14
3 0 10 4 14
25 25 26 19 2
8 14 10 8 10
14 25 9 14 9
10 10 23 23 10
10 9 3 9 7
0 0 10 0 3
23 7 23 7 23
8 8 8 16 26
26 26 8 23 2
10 10 14 10 14
12 19 19 5 24
12 12 14 25 14
23 5 19 5 16
22 12 22 12 16
16 19 24 26 8
10 22 9 22 9
0 3 10 0 14
22 22 3 10 22
25 9 10 5 24
26 5 5 26 23
23 23 23 16 19
4 0 16 4 0
22 12 22 12 22
0 4 14 0 4
5 5 24 26 26
12 12 7 23 5
12 14 8 12 24
19 26 24 16 19
25 0 3 12 23
22 12 12 25 8
26 26 24 24 26
8 14 8 10 14
3 3 10 22 10
23 4 16 8 4
5 24 5 24 26
12 8 19 5 8
0 8 26 0 14
5 24 5 26 24
25 9 19 23 2
22 12 14 9 25
10 9 10 9 9
24 24 26 26 16
8 10 8 14 10
8 19 8 19 19
12 8 8 14 12
24 24 16 24 19
10 5 8 26 2
23 23 23 16 5
22 22 9 4 8
23 23 23 23 24
14 14 8 8 14
22 9 4 12 4
9 9 3 3 3
7 7 5 26 5
16 16 19 24 26
23 8 23 5 24
24 24 16 24 16
12 8 23 12 8
0 19 26 0 14
23 26 16 19 5
23 23 16 24 8
12 19 12 16 5
7 26 5 26 5
0 0 24 24 26
8 2 25 2 26
22 10 4 4 9
9 10 9 19 5
9 9 2 26 23
16 10 22 22 10
16 26 10 2 26
26 26 8 10 12
22 12 4 4 12
22 25 22 25 14
22 12 12 0 22
22 9 9 25 9
22 25 12 22 14
14 14 14 10 16
26 26 24 8 24
16 4 26 0 2
9 9 11 26 5
9 10 3 3 11
5 5 24 5 26
14 14 9 25 14
9 8 2 11 7
4 4 0 16 0
22 9 9 25 14
22 25 22 25 9
26 16 26 10 16
24 19 19 26 16
12 12 24 5 19
23 5 7 26 5
22 22 3 0 3
9 10 11 5 7
12 8 23 2 12
12 23 8 7 12
25 25 24 24 24
8 8 10 14 10
22 3 22 16 0
16 4 4 4 8
22 3 10 22 0
10 23 4 4 22
16 16 19 26 24
8 25 2 26 8
22 4 9 14 5
26 16 10 26 10
12 22 25 4 12
8 10 8 9 10
10 16 8 26 26
5 26 24 24 5
4 8 26 4 2
25 25 25 3 23
12 22 12 10 25
0 8 0 26 24
10 10 8 10 14
16 7 0 26 1
16 7 0 26 16
23 10 12 9 3
22 10 4 22 10
10 4 0 5 26
23 5 16 8 5
25 25 9 14 14
14 14 14 9 25
24 26 16 19 19
22 22 12 8 12
12 19 8 5 24
5 5 26 5 23
14 14 14 10 25
25 25 24 19 19
22 22 16 0 3
10 4 22 9 4
25 25 25 26 7
12 10 19 5 26
0 0 10 0 4
16 8 16 8 4
9 14 9 25 9
19 8 19 24 19
23 5 8 5 26
23 16 16 8 23
3 4 0 10 0
9 25 10 26 5
8 25 2 2 5
10 9 9 10 2
10 8 8 2 2
25 9 10 9 9
10 12 19 26 23
25 25 25 3 3
22 9 12 4 4
10 10 4 4 4
10 10 23 3 23
24 19 26 16 24
22 4 12 9 14
25 9 26 25 23
9 9 2 26 5
26 26 26 26 26
0 0 8 14 0
22 12 14 9 24
12 0 22 12 22
10 3 16 4 9
26 26 5 8 23
14 9 14 7 14
22 0 3 4 22
4 4 4 4 4
22 22 16 0 0
26 26 24 8 19
3 3 3 10 3
9 4 12 4 14
10 9 9 23 0
25 8 19 5 2
22 3 22 10 4
22 25 9 22 25
22 22 4 12 4
22 12 22 4 24
22 22 6 12 8
23 8 5 26 4
22 9 25 25 4
0 26 23 1 24
23 26 26 8 2
22 12 22 22 12
10 22 9 4 22
25 8 8 2 5
10 10 8 14 10
22 25 9 4 14
23 16 8 26 26
24 19 24 19 8
23 26 26 5 8
12 12 5 24 5
0 8 0 19 26
7 7 26 5 23
16 16 24 26 24
0 10 0 4 26
23 23 26 19 23
25 25 24 24 19
8 8 14 10 10
10 4 4 12 4
8 9 2 5 5
16 16 24 16 19
10 23 23 10 23
23 16 0 26 7
3 16 22 10 22
26 16 16 24 24
22 12 4 12 0
25 25 12 3 26
5 7 7 5 7
12 12 22 22 25
9 25 10 14 26
0 0 0 0 10
10 23 23 23 3
5 5 23 5 26
10 23 4 22 4
23 23 7 7 23
23 23 16 24 26
7 7 7 5 26
23 26 16 5 26
22 22 10 3 16
16 10 22 9 22
14 9 9 9 9
9 14 9 26 2
10 25 2 26 2
25 25 10 3 3
10 4 23 8 16
25 25 25 3 12
25 25 26 5 23
22 3 22 10 0
22 9 25 9 22
9 14 9 9 9
12 16 12 16 5
23 23 23 23 16
23 8 5 5 26
26 26 8 12 23
10 5 8 26 4
0 0 7 23 7
23 8 8 26 5
0 7 0 24 26
0 0 5 24 24
9 4 4 12 8
26 10 16 26 10
12 19 8 5 23
9 8 9 12 26
10 9 25 19 26
22 22 12 6 8
24 24 26 19 16
14 25 9 14 25
23 26 26 5 26
8 9 12 2 26
25 0 7 3 12
23 23 23 5 19
10 9 8 2 5
22 4 4 4 22
25 25 26 5 7
0 26 1 24 1
0 0 24 24 5
23 10 25 4 12
9 10 9 10 9
23 16 23 16 8
10 9 9 9 10
9 9 8 26 25
10 8 14 10 8
7 23 7 23 23
25 25 5 7 5
23 16 0 26 0
10 10 10 10 3
14 14 25 9 9
16 8 26 24 19
26 26 26 16 23
3 3 3 10 10
22 10 4 12 4
16 8 8 26 2
16 16 16 24 24
10 23 10 23 3
0 10 0 16 4
16 23 2 0 26
23 23 8 19 26
26 26 5 5 8
23 23 26 8 19
23 8 23 5 26
16 4 4 4 4
22 22 12 4 14
10 26 8 16 26
23 5 24 26 8
7 23 5 23 26
10 0 26 19 5
10 8 8 14 10
12 19 12 24 5
22 22 12 4 22
4 4 0 4 4
10 23 10 3 3
25 25 24 19 24
22 14 12 9 24
22 3 10 22 4
10 16 10 26 10
0 10 14 0 26
8 10 8 26 23
22 12 12 25 9
26 24 26 19 16
0 0 24 26 19
24 19 16 26 19
22 22 4 14 12
22 9 22 12 14
26 26 5 24 8
9 8 11 2 12
5 5 26 24 24
19 24 19 8 19
23 23 16 23 8
10 23 23 10 3
26 5 26 2 5
10 26 12 4 1
24 26 24 26 16
10 23 16 23 23
16 10 26 16 10
24 19 19 19 19
22 22 16 3 4
16 7 0 26 10
7 23 26 5 5
24 24 26 16 19
9 25 10 5 26
10 10 8 10 16
7 5 7 26 26
5 5 7 23 5
16 4 7 26 2
3 3 25 23 8
16 16 26 24 8
10 16 22 4 9
25 25 12 7 12
22 9 22 8 12
4 8 26 2 4
12 19 12 23 8
5 5 5 26 26
7 7 7 5 5
22 9 8 25 24
8 8 26 19 23
25 10 25 26 19
0 0 24 26 24
26 16 26 23 10
0 26 24 0 19
23 23 23 19 5
5 24 26 24 24
23 5 23 26 5
12 8 7 2 2
0 26 19 0 16
10 23 3 3 3
25 25 5 19 26
23 26 26 8 23
16 16 26 24 24
12 12 25 14 12
25 3 3 9 3
0 10 0 4 4
14 14 10 14 9
22 12 0 4 4
12 12 5 5 24
9 8 2 0 26
25 25 16 5 24
23 5 26 26 5
8 12 8 10 5
9 9 26 2 5
22 25 9 14 12
25 8 19 5 16
10 10 10 3 10
10 14 8 9 9
0 16 24 26 1
12 12 7 23 12
16 26 26 19 24
10 10 23 23 3
26 26 26 8 24
12 8 14 8 14
10 26 12 1 1
26 26 5 8 5
12 23 8 12 23
12 14 25 14 8
14 10 14 9 9
0 24 1 14 1
16 16 24 19 16
8 25 2 26 2
25 3 0 12 7
23 4 8 16 26
12 19 8 5 19
0 16 26 5 24
23 8 5 16 5
8 8 16 23 19
10 10 14 14 10
10 16 23 10 23
25 25 25 23 26
10 23 10 4 22
23 10 25 4 22
18 0 8 0 24
10 8 2 26 19
25 9 9 3 23
9 9 14 25 26
14 25 9 9 9
3 10 10 22 10
22 22 22 10 9
9 25 16 5 26
23 23 23 5 16
0 26 1 1 24
5 23 5 19 26
22 25 9 6 14
5 5 7 7 23
14 12 8 10 14
25 9 19 26 5
14 14 9 9 25
24 19 24 19 16
9 9 5 23 19
16 23 2 0 8
23 7 23 7 7
23 16 16 8 5
26 5 24 24 26
19 26 16 19 24
5 5 23 5 23
23 26 8 5 23
26 26 16 23 23
9 9 10 19 26
22 10 4 9 4
25 25 10 3 23
25 10 25 26 23
12 14 12 8 8
5 5 5 23 23
23 23 23 23 23
0 4 14 0 26
22 22 0 3 22
9 10 9 9 2
12 12 23 23 5
10 14 8 9 2
22 9 8 14 5
3 4 0 10 14
22 14 25 12 16
8 12 2 2 26
8 9 12 16 5
25 25 5 5 5
3 3 10 3 22
10 9 2 19 5
10 8 14 12 16
8 8 16 16 8
26 19 19 16 8
23 23 8 24 26
26 16 8 26 8
14 14 25 9 25
8 12 8 14 26
0 23 16 7 0
26 26 8 10 5
23 23 16 19 26
12 22 0 4 14
14 14 10 14 10
16 3 10 22 9
22 12 0 8 12
10 23 23 16 23
24 24 26 16 24
16 16 19 19 26
24 24 19 19 16
10 5 8 26 5
23 23 5 26 23
3 10 10 22 4
25 25 5 26 7
7 7 23 23 23
16 10 23 23 23
22 22 0 16 0
24 26 26 24 26
5 23 5 16 24
5 26 5 26 23
12 12 14 14 8
16 19 19 26 19
16 8 16 8 2
4 8 26 2 5
25 0 7 12 3
3 10 3 10 22
16 8 26 5 19
26 26 8 16 8
16 26 16 24 24
5 24 24 26 5
25 9 23 19 5
22 22 12 0 14
10 25 8 16 11
16 16 24 19 26
23 23 23 8 16
26 26 24 26 24
26 26 8 5 23
24 24 16 19 26
9 9 9 10 10
25 25 26 4 7
16 26 10 8 26
0 26 19 0 19
22 10 9 9 22
9 9 9 9 9
3 10 3 22 10
25 8 2 2 26
25 9 9 14 26
10 8 8 2 8
12 0 22 12 10
12 14 25 14 25
10 8 2 26 8
22 9 25 9 12
10 16 23 23 23
24 26 24 26 19
22 22 22 8 12
16 16 16 19 19
22 9 25 25 8
19 26 19 16 19
9 9 3 10 3
26 5 24 5 26
0 3 10 0 0
14 14 14 14 10
10 25 8 5 26
12 19 12 19 24
25 25 25 7 3
22 22 10 4 12
0 7 7 0 16
23 5 16 19 5
9 10 11 5 26
26 24 26 19 26
10 0 4 26 8
25 25 5 26 19
9 10 25 19 26
24 24 26 24 24
0 26 10 24 0
4 26 8 4 2
22 12 22 0 12
22 22 3 3 0
0 16 26 24 5
10 0 26 24 5
26 26 8 10 26
25 25 10 3 7
9 9 3 3 23
22 22 10 4 14
22 22 12 0 8
23 8 5 26 19
0 10 0 8 14
4 4 0 4 0
4 4 4 4 22
25 25 3 12 26
23 10 22 25 4
8 10 8 2 2
3 3 10 10 22
22 10 22 4 4
10 23 10 22 9
7 3 3 25 10
23 5 24 26 5
3 26 9 0 24
10 10 10 8 16
10 10 10 10 10
25 9 9 3 9
9 9 8 11 5
10 4 12 9 14
8 19 19 24 19
14 10 9 14 10
26 26 8 24 26
14 14 10 9 10
9 9 14 2 7
10 4 8 26 2
22 12 4 22 14
22 10 4 4 12
25 10 11 7 26
22 9 12 22 14
10 23 4 4 12
26 26 16 23 10
0 19 0 24 26
0 8 0 26 19
10 22 4 4 8
9 9 2 23 26
0 7 7 0 23
9 9 26 2 7
10 9 9 10 8
23 16 26 19 5
10 14 9 14 2
23 16 16 8 4
3 10 16 22 9
8 19 26 19 16
3 26 0 19 16
23 23 5 26 19
22 9 8 12 24
9 10 8 2 5
24 24 24 16 16
7 23 23 5 23
12 12 24 19 19
9 9 2 5 23
23 5 26 5 26
8 19 19 19 16
22 22 12 22 22
25 9 23 24 5
23 23 23 5 24
26 26 8 24 8
23 5 24 8 26
22 22 12 12 22
5 24 26 26 24
23 5 8 26 23
10 25 8 26 12
25 9 9 9 3
0 0 7 26 5
10 25 3 10 3
16 16 16 8 24
8 8 10 2 8
14 9 14 23 12
22 22 22 9 9
23 4 8 26 16
26 26 8 2 2
12 8 14 14 12
14 14 25 14 9
26 5 24 26 5
23 9 12 3 10
22 22 10 14 9
23 8 5 23 26
23 5 8 26 4
0 26 7 0 16
25 25 19 26 23
14 9 9 9 3
9 9 9 10 3
22 9 9 25 8
0 0 7 23 26
10 16 10 26 26
22 12 4 0 14
0 0 24 5 24
24 26 24 16 19
9 9 14 25 9
16 0 26 7 24
12 22 14 25 22
5 5 24 5 5
12 0 22 12 0
26 26 10 8 2
7 7 5 5 26
3 3 9 8 12
16 23 8 26 8
22 22 3 16 22
10 9 10 9 16
3 16 10 22 22
23 23 7 23 23
25 10 5 7 19
22 12 4 0 4
0 26 16 0 24
23 23 7 23 7
10 9 3 9 23
5 5 26 5 5
14 14 25 25 14
2 12 16 5 10
25 25 26 25 5
10 8 2 8 26
24 26 24 26 24
10 26 0 5 19
0 0 0 10 3
23 23 5 23 26
12 23 8 7 10
10 16 10 16 26
24 24 24 24 26
12 22 12 22 8
23 23 16 8 5
10 9 8 2 2
23 9 3 12 4
10 25 2 26 7
12 14 14 25 10
22 10 9 9 4
23 10 9 22 12
23 23 26 8 5
16 23 0 26 1
22 9 25 9 8
0 0 10 0 16
9 9 9 10 2
23 26 5 5 26
22 22 12 22 4
0 19 0 26 8
26 26 16 26 16
5 5 7 7 5
10 26 8 16 2
9 14 2 2 23
22 25 9 9 22
25 25 5 26 5
26 24 26 24 16
12 12 14 14 25
7 7 7 5 7
9 10 3 3 3
22 9 25 9 9
9 9 5 16 5
25 9 9 10 10
12 19 19 5 2
23 23 23 8 26
12 12 19 24 5
22 12 0 22 14
26 26 16 16 16
12 19 12 24 24
22 10 9 22 10
7 7 5 26 26
23 5 19 26 5
10 12 19 26 5
22 22 22 12 8
22 9 9 9 25
0 24 0 8 5
25 9 23 24 26
10 16 4 22 4
12 8 12 23 19
10 10 3 3 10
10 10 10 10 16
14 14 14 10 14
8 12 14 8 10
0 0 3 3 10
12 8 14 14 8
23 5 19 5 26
26 26 8 8 16
5 23 5 8 26
9 10 9 10 3
26 26 5 5 25
22 9 9 9 14
10 5 26 8 4
4 4 22 4 9
22 0 23 22 0
7 23 5 26 7
10 0 4 26 0
22 3 0 4 4
8 12 8 2 2
23 10 25 3 4
2 2 26 8 4
2 2 23 12 8
23 23 23 8 5
5 5 5 5 24
10 9 3 2 7
22 4 9 12 4
8 8 19 16 24
12 12 12 14 25
10 4 4 12 22
26 16 26 16 16
22 0 16 22 4
10 9 3 9 3
1 0 8 0 19
0 16 0 4 0
23 8 26 5 23
0 4 14 0 10
26 19 16 8 19
12 12 14 25 25
22 12 25 12 22
10 10 23 23 16
12 22 0 12 22
26 10 10 26 26
24 26 24 16 24
10 0 8 26 5
8 12 8 16 2
0 7 0 23 7
14 14 14 10 26
10 4 0 26 5
23 26 8 5 7
25 25 10 3 12
5 5 26 5 26
12 7 23 12 10
22 22 12 0 4
24 26 26 26 24
10 9 9 23 7
16 19 19 16 19
0 26 0 24 24
5 5 7 5 23
12 23 12 16 5
14 9 9 24 12
10 10 9 2 2
12 16 2 5 12
16 19 26 8 24
10 10 10 8 8
22 14 12 9 26
22 22 14 9 12
22 12 25 14 5
10 9 10 9 3
23 7 7 26 5
25 9 25 14 10
22 12 22 4 12
22 22 4 4 14
25 19 19 25 5
8 10 8 26 16
25 25 9 3 23
22 12 12 22 0
14 14 9 14 9
26 26 24 24 5
22 9 25 9 25
4 4 0 16 4
10 10 3 23 10
0 26 7 24 0
7 7 5 7 26
10 3 10 22 10
24 26 26 19 16
12 8 14 8 8
19 19 19 24 19
26 26 8 4 23
22 0 22 3 16
0 10 14 0 24
10 25 8 2 26
12 14 12 8 14
23 8 26 4 5
22 0 22 16 0
12 12 7 7 7
23 9 3 12 10
22 22 12 22 12
26 26 8 24 19
22 12 22 6 12
12 8 8 2 26
14 25 9 9 14
25 3 0 3 3
25 25 16 5 7
12 12 22 22 22
12 12 7 7 5
4 26 8 4 5
5 5 7 7 26
14 14 9 14 25
10 4 12 25 4
25 3 3 3 3
0 26 7 0 26
16 0 26 5 7
16 0 26 8 0
22 10 22 10 22
23 10 22 10 9
0 0 8 0 14
16 16 16 16 19
25 9 10 9 3
25 25 14 25 9
10 9 9 10 3
14 14 10 14 14
12 22 12 9 9
24 19 16 24 26
22 4 4 9 8
22 10 4 12 8
0 0 7 5 7
10 14 9 8 14
10 16 8 10 26
22 9 25 22 9
10 4 4 4 12
24 24 24 16 24
22 4 9 12 8
26 16 26 24 24
23 7 23 5 23
8 2 2 12 2
10 8 26 8 5
12 22 12 22 9
9 14 2 26 2
23 23 16 23 19
10 16 10 8 26
24 19 16 24 19
23 26 16 8 5
10 9 9 10 9
23 26 5 26 19
3 3 10 12 25
23 23 23 16 8
10 0 4 26 14
10 10 14 10 8
12 16 2 12 26
16 26 26 24 16
25 9 9 10 3
7 26 5 23 5
26 26 8 8 12
22 22 16 3 10
8 2 12 2 2
10 9 8 2 23
26 26 8 8 2
10 22 9 22 4
9 4 4 4 14
14 14 14 9 9
10 16 23 23 10
0 7 0 23 26
24 24 19 24 19
23 16 16 23 8
22 10 9 22 9
8 8 26 19 16
10 23 4 12 4
10 9 8 2 7
10 9 8 2 16
12 22 12 9 14
22 4 4 8 9
19 16 19 26 24
8 12 8 14 5
12 16 5 10 12
22 12 22 22 14
9 9 9 9 3
8 2 2 12 16
23 8 5 26 23
0 26 23 0 16
23 10 4 8 26
0 19 0 26 24
22 22 0 3 3
16 16 24 26 19
5 26 24 24 24
0 26 16 0 19
23 26 26 5 24
25 12 0 3 23
26 26 16 23 26
10 4 12 25 14
5 5 26 26 5
16 26 10 8 2
23 23 7 23 5
10 8 8 10 12
22 14 25 12 26
16 23 0 8 14
7 23 5 26 26
24 19 19 8 19
14 8 14 8 24
12 12 5 24 24
23 7 26 5 23
10 0 4 26 5
14 9 14 7 6
26 26 8 8 26
8 14 8 14 8
23 23 23 23 8
19 19 19 19 19
19 19 24 19 19
23 23 23 24 26
9 9 10 19 5
26 10 16 26 2
25 25 10 26 19
12 10 5 19 26
22 25 9 22 14
0 24 1 8 0
14 14 14 14 24
9 8 11 12 26
10 14 2 2 2
22 22 22 9 10
7 5 26 7 26
5 26 24 24 26
10 9 4 23 4
25 25 10 19 26
19 19 8 19 24
16 16 24 24 16
22 22 3 3 10
5 5 24 26 24
12 12 24 19 5
19 26 16 19 19
23 7 5 26 5
22 22 10 14 4
22 22 12 22 8
25 8 19 2 26
22 22 9 4 4
22 22 10 3 22
10 10 9 9 2
8 10 8 2 8
22 12 25 25 22
22 4 4 4 9
25 9 5 23 26
0 26 16 7 24
8 19 16 19 26
10 22 9 9 4
0 23 23 0 16
16 16 16 24 19
8 19 19 26 16
14 9 9 9 25
12 7 23 25 14
23 5 8 26 19
25 3 3 3 22
26 5 5 23 5
12 14 8 8 12
5 5 26 24 5
23 23 23 23 19
23 9 3 4 12
10 14 9 14 9
9 9 14 25 10
25 25 3 10 12
9 4 4 12 14
22 12 25 14 16
23 8 26 8 2
16 19 24 26 19
23 8 23 26 5
26 5 26 5 23
10 25 8 5 24
22 3 4 4 22
26 5 26 5 2
10 4 0 26 8
23 23 26 8 16
23 5 19 26 23
5 23 5 8 16
10 10 4 4 5
26 26 8 5 4
23 10 9 12 4
23 16 26 8 19
10 16 10 26 8
19 19 19 8 24
10 25 8 26 5
0 7 26 24 0
10 8 8 9 14
22 0 22 23 22
23 23 5 23 5
23 9 12 10 3
9 9 8 5 26
5 26 24 26 5
22 22 22 12 12
26 26 8 24 16
16 16 26 19 19
26 19 19 16 19
9 9 10 10 9
7 5 7 26 5
23 5 24 5 16
26 26 5 2 2
0 26 19 0 24
10 16 8 16 26
12 14 8 12 14
9 8 9 5 26
12 12 23 5 23
10 9 3 25 3
16 16 8 26 24
9 14 25 9 9
5 26 5 26 7
10 16 8 26 10
23 5 16 24 5
23 23 5 26 5
22 22 22 22 9
22 3 4 4 0
10 22 4 4 9
22 25 22 14 25
22 10 9 4 4
14 9 9 5 24
16 23 0 26 8
22 22 4 4 12
16 26 26 19 19
22 12 22 4 0
0 26 19 0 1
25 9 9 14 25
22 22 9 22 10
23 26 26 5 5
9 9 3 10 23
23 23 16 5 8
8 12 8 2 26
26 26 24 26 8
24 24 19 16 19
9 25 9 8 26
22 12 22 12 4
3 3 3 3 3
22 12 12 4 0
22 10 22 22 10
10 9 9 10 10
26 26 16 10 23
22 12 22 0 8
22 4 4 9 22
22 10 4 4 14
22 22 10 22 9
23 23 23 23 7
0 26 8 0 1
22 22 3 0 10
0 7 7 0 7
23 8 23 5 16
3 3 10 3 10
12 8 19 5 19
25 25 26 7 12
10 9 25 8 26
3 10 10 22 22
12 8 19 2 5
5 5 7 5 7
10 10 8 8 16
19 19 19 19 8
19 16 24 26 19
22 25 22 9 25
25 25 5 5 24
0 26 8 0 24
0 26 23 0 24
16 16 26 24 19
10 9 3 11 23
12 8 23 25 26
14 8 12 2 2
23 7 23 5 26
12 22 25 22 14
16 16 19 26 19
