1 1 3 1 1 1 3 10 10 0
0 9 0 9 9 4 3 3 0 3
11 11 11 11 11 1 0 1 0 12
12 12 12 12 12 1 8 1 12 8
11 3 1 6 0 9 0 9 12 4
11 11 11 3 1 1 6 9 12 0
10 2 10 9 9 2 10 9 3 9
11 9 6 6 9 6 9 0 6 6
10 10 3 10 10 11 3 10 11 11
11 11 1 1 1 3 1 1 1 8
3 3 8 1 2 2 0 9 9 0
9 10 11 9 11 11 9 10 11 11
1 1 3 1 1 11 1 10 1 10
9 9 8 2 4 2 10 0 3 10
11 10 6 0 0 1 9 0 9 6
9 6 6 2 6 0 2 9 2 10
0 9 9 4 4 3 9 3 4 10
3 3 2 1 9 0 9 0 2 9
5 5 8 8 8 3 8 3 8 1
0 0 3 6 9 6 6 6 6 6
9 9 9 9 9 8 9 8 8 9
11 11 11 10 9 0 11 9 0 9
9 6 6 0 2 2 6 2 10 2
3 2 2 6 9 6 0 6 9 0
3 3 2 9 10 2 10 9 3 10
3 2 0 2 0 2 9 2 6 0
1 1 3 1 1 11 1 10 10 1
0 0 0 0 0 9 4 3 4 2
3 8 3 3 9 2 2 9 2 4
12 12 9 12 9 9 9 9 0 9
3 3 9 10 10 3 9 10 10 3
3 3 3 3 11 11 3 1 10 1
0 12 9 4 4 3 4 2 2 9
11 9 11 9 6 6 0 9 2 9
12 0 12 0 1 4 4 4 2 2
3 3 3 10 9 10 10 9 3 10
9 9 11 11 9 10 11 9 11 11
8 8 1 9 2 10 2 0 9 3
3 9 3 3 11 9 11 11 3 11
3 3 3 3 11 3 11 11 1 11
8 9 3 8 9 9 2 2 2 12
3 3 9 11 3 9 11 6 0 11
11 11 11 11 6 9 6 9 0 6
10 10 10 10 9 9 0 9 3 9
11 11 3 3 1 1 6 6 12 9
9 9 12 9 9 9 8 9 4 4
3 11 11 1 3 1 8 12 0 9
1 0 0 1 4 4 2 3 9 2
1 1 3 1 1 1 3 10 2 12
5 5 5 5 5 5 5 8 3 3
11 11 6 0 6 0 1 9 0 9
12 12 12 12 1 12 1 1 8 12
0 2 2 9 2 2 2 0 2 2
3 1 1 3 1 6 0 9 0 9
3 3 11 3 10 11 10 3 10 10
11 3 6 1 6 0 9 12 9 9
10 11 11 11 11 11 11 11 10 11
3 3 1 8 1 1 1 3 1 8
9 8 9 8 9 8 8 9 9 1
11 1 10 0 0 1 0 12 0 9
8 8 1 1 8 12 12 8 12 4
5 8 8 8 8 3 8 3 1 3
11 1 8 1 6 0 9 9 0 9
10 3 10 3 10 10 3 9 10 10
9 4 4 4 9 3 4 2 2 10
1 1 1 3 1 1 10 10 1 10
3 9 11 11 9 11 11 3 11 9
9 8 4 2 4 2 10 2 0 2
3 3 3 3 3 3 10 2 10 10
9 9 11 11 9 11 0 11 11 9
0 0 1 0 1 0 1 7 7 3
9 12 9 8 9 4 9 4 4 4
9 4 4 4 3 4 9 2 2 10
11 11 1 1 0 0 12 6 12 9
10 10 9 2 9 2 0 9 2 9
8 8 1 12 1 8 12 12 8 12
8 1 1 3 10 10 9 2 10 10
11 11 11 11 9 0 11 9 0 9
9 8 8 9 3 9 8 2 9 0
12 12 12 1 12 1 1 12 8 1
5 8 8 8 8 3 8 3 8 1
0 0 11 9 11 9 11 0 11 11
10 10 1 1 1 11 1 1 1 1
12 12 12 9 9 9 12 9 9 9
0 9 11 9 11 9 11 11 11 9
5 5 5 3 8 9 3 3 9 3
10 3 10 3 10 9 10 9 3 10
12 12 8 4 4 4 4 2 3 2
1 8 1 1 9 4 4 9 2 2
5 5 8 8 8 3 8 8 1 3
11 11 3 11 1 3 1 9 9 12
8 12 8 9 4 9 4 4 4 4
3 3 1 1 1 8 1 8 1 1
11 3 11 1 6 1 2 9 12 6
1 1 8 1 12 12 8 1 12 12
10 11 11 1 1 10 1 3 1 10
8 12 8 9 4 9 1 9 4 2
10 10 1 1 0 0 0 12 9 9
9 3 11 9 11 3 11 11 9 6
8 8 8 12 12 8 8 12 12 8
9 9 9 12 8 9 4 4 4 4
9 9 9 4 3 10 10 3 10 10
12 8 12 8 4 4 2 0 2 10
3 10 3 11 10 11 3 10 11 10
8 8 12 9 4 4 4 9 2 2
9 9 0 3 9 11 2 10 3 10
12 9 9 12 4 9 2 2 2 4
3 8 3 3 9 8 2 9 10 0
9 9 11 11 3 9 11 9 11 0
3 8 3 8 3 9 2 9 2 10
0 11 9 11 9 11 11 10 3 11
0 9 9 4 9 3 4 2 2 10
3 3 10 9 3 10 10 9 3 10
3 3 3 3 3 3 10 10 1 10
3 3 11 3 1 11 1 10 1 10
0 0 10 10 11 0 11 9 11 11
3 1 2 9 2 0 2 2 0 9
9 6 6 2 0 2 6 2 0 2
0 0 0 9 4 4 4 3 2 2
3 3 3 1 1 3 6 10 1 0
12 8 9 12 8 9 4 4 4 2
3 2 9 10 0 9 10 3 9 10
3 3 3 1 6 9 0 6 0 9
5 5 5 8 8 8 8 8 3 1
11 11 10 0 0 6 0 12 9 4
1 1 11 1 1 1 10 1 3 10
3 3 11 3 6 6 0 9 0 6
1 3 1 3 10 0 3 10 9 10
8 1 3 10 1 10 2 10 9 10
0 0 0 10 11 11 0 11 11 0
11 11 10 10 0 1 0 9 0 9
11 11 10 0 6 0 6 12 9 4
11 11 10 10 1 0 0 6 9 0
10 10 0 0 0 9 9 0 9 9
11 11 1 11 1 0 0 12 12 0
11 11 1 1 0 0 0 12 0 9
3 3 3 1 1 3 2 1 9 0
11 1 1 0 0 9 9 12 6 9
3 3 3 9 11 9 11 6 9 6
3 2 9 10 2 9 10 3 10 9
3 0 2 2 0 2 6 9 6 0
8 9 3 2 0 2 9 10 2 10
9 3 3 9 3 9 10 2 10 3
12 12 12 9 12 9 9 9 9 9
8 9 8 12 9 4 4 2 4 9
3 3 10 9 10 9 10 9 3 11
12 12 8 4 4 2 2 4 2 2
9 4 4 4 4 3 4 4 2 10
3 3 11 1 1 1 11 1 1 1
1 3 1 2 2 9 10 2 10 3
9 9 11 3 11 9 11 11 11 11
9 3 11 11 3 11 9 11 11 11
8 3 8 8 2 9 2 0 9 0
8 1 12 8 4 4 2 2 0 10
11 11 10 11 0 9 11 0 9 9
9 9 8 9 8 9 8 9 8 2
9 9 9 8 9 9 12 8 4 4
12 1 12 1 12 1 1 12 1 12
8 8 12 9 8 4 0 4 9 10
9 9 5 9 5 5 5 5 11 5
9 9 9 9 8 9 9 1 9 1
3 11 3 6 6 9 0 6 0 6
11 3 6 9 11 0 6 9 6 0
3 10 3 10 10 9 10 3 10 9
0 1 10 1 10 0 10 1 10 3
11 0 6 0 1 0 6 9 9 0
0 0 10 10 0 11 11 9 11 10
3 3 3 1 2 0 9 4 0 2
11 3 3 11 1 1 1 9 9 12
3 9 11 3 11 11 11 9 11 3
9 11 3 11 9 11 11 9 11 2
11 3 6 9 6 6 0 6 9 0
3 11 2 9 6 0 6 9 0 6
0 9 9 0 9 9 3 3 0 11
11 11 11 11 9 0 9 6 6 0
10 10 10 10 3 9 10 9 3 10
3 3 8 9 3 3 9 3 9 10
1 1 4 4 4 4 9 2 10 3
11 11 10 10 0 0 0 1 0 0
9 9 8 9 8 8 9 9 8 0
5 5 5 9 5 5 3 9 3 9
3 10 10 3 10 11 11 3 10 10
9 8 8 9 8 9 2 2 9 1
9 8 9 8 9 8 9 1 9 0
10 10 1 0 1 0 0 12 0 12
11 11 6 1 6 6 9 0 0 9
8 4 4 4 4 2 2 2 9 2
9 9 12 9 9 8 4 0 4 9
3 3 8 1 2 2 9 0 0 2
9 12 9 9 8 9 0 4 4 4
0 9 4 4 9 4 3 4 2 10
11 3 11 3 11 11 11 3 1 1
8 8 8 1 8 12 12 8 12 1
11 11 11 11 3 6 9 0 9 9
10 10 1 1 0 0 0 9 9 12
9 12 9 9 9 9 9 0 9 0
3 3 3 11 3 10 10 2 0 10
11 10 10 6 0 0 6 0 9 12
3 3 6 9 0 4 0 9 2 9
12 9 9 0 9 9 4 0 4 2
3 9 11 11 9 11 3 11 11 11
8 1 8 1 2 9 10 2 9 10
10 10 10 0 9 9 10 9 9 0
1 8 1 8 4 0 4 2 9 10
0 1 0 1 0 4 4 2 2 3
11 11 11 3 1 1 9 0 9 12
8 1 3 1 10 2 0 10 3 10
11 3 11 1 3 1 6 9 1 12
0 10 9 11 11 9 11 11 10 11
0 9 0 9 9 9 3 9 11 3
3 3 1 11 1 0 9 0 6 9
9 9 12 9 8 9 4 4 4 4
12 12 8 4 4 4 4 3 2 10
0 0 10 10 11 11 0 11 11 11
9 3 3 9 11 11 3 11 9 0
9 9 8 9 8 8 9 9 1 0
3 11 11 11 3 11 3 1 1 11
1 0 1 4 8 9 2 2 10 2
12 9 9 9 0 9 9 0 9 6
3 3 9 11 3 11 11 9 11 3
9 8 2 9 2 2 10 2 10 0
10 10 10 9 10 9 9 0 2 9
9 3 11 9 11 9 11 11 2 6
10 10 10 10 9 10 9 3 9 10
11 11 11 10 1 0 0 6 0 9
1 1 1 1 1 10 3 1 10 1
10 10 10 10 9 10 3 9 10 9
11 11 1 8 1 1 6 9 12 12
8 1 8 1 1 2 2 9 10 9
8 3 8 3 1 8 1 3 1 2
11 3 11 3 11 11 3 11 1 1
9 9 9 8 12 9 8 4 9 0
5 8 8 3 8 8 1 3 1 8
11 1 11 1 1 1 1 1 10 1
9 8 9 8 9 8 9 2 2 9
1 8 1 1 8 1 12 8 12 9
0 4 2 2 2 2 9 2 6 0
9 9 12 9 9 8 9 12 4 4
3 1 8 2 1 2 9 10 10 10
9 11 9 11 10 3 10 9 11 11
11 11 10 11 9 0 9 11 0 9
5 5 5 3 3 5 3 3 9 3
12 1 12 1 12 1 12 1 12 1
8 8 8 9 0 4 4 2 0 9
12 9 9 0 9 9 0 4 4 2
3 11 2 6 9 6 6 0 6 9
3 3 3 3 10 3 10 10 10 11
11 11 11 11 11 1 1 0 0 0
12 12 8 9 9 8 4 4 4 0
9 9 9 9 9 11 9 6 8 6
8 8 1 1 12 8 12 8 12 1
3 8 1 1 8 1 3 1 9 0
9 9 11 3 11 9 11 0 11 6
5 5 5 8 8 8 3 8 3 9
12 9 12 9 9 9 9 0 9 0
12 0 12 0 4 4 4 4 3 2
8 12 8 9 4 4 4 9 2 4
12 12 12 1 4 4 9 4 4 2
8 4 4 4 4 2 4 2 2 9
9 0 11 9 11 11 3 11 9 11
0 10 0 0 0 9 0 9 9 9
0 9 4 4 4 9 3 4 2 2
1 1 1 11 1 1 10 1 10 3
12 4 4 9 4 4 2 2 2 10
10 10 9 2 9 10 9 9 2 0
3 3 3 1 1 3 6 1 10 0
3 1 3 1 1 6 9 1 9 0
1 3 1 1 1 11 1 10 3 10
12 12 12 8 9 4 9 2 4 2
0 0 11 11 9 11 10 11 9 11
0 0 10 1 10 1 10 1 0 10
8 8 8 8 1 12 12 8 12 1
0 0 0 11 6 4 4 2 6 4
3 3 2 6 0 9 9 0 6 4
5 5 5 5 5 5 5 3 3 9
9 8 8 9 8 9 3 9 2 9
5 5 5 5 9 5 5 5 5 3
11 11 11 10 0 0 1 0 0 6
11 11 1 1 8 1 6 9 12 9
5 3 9 3 9 3 3 3 10 9
12 12 8 9 12 4 9 8 4 2
12 0 12 4 4 4 4 2 2 1
3 11 11 3 10 10 1 10 3 1
3 11 11 3 11 3 1 11 1 1
11 11 11 11 11 1 0 0 1 0
9 9 4 2 2 10 3 10 11 2
10 10 3 10 11 3 10 11 10 11
1 10 1 10 3 10 3 10 10 1
3 10 3 10 10 9 10 3 10 3
3 1 11 1 1 9 8 0 9 0
12 9 12 9 9 9 9 9 9 9
11 3 11 10 3 10 10 1 10 1
9 8 8 9 8 9 9 1 9 12
9 11 9 11 11 9 10 3 10 10
3 11 1 3 1 9 0 6 9 0
9 8 4 2 4 2 0 10 3 10
10 10 0 9 0 9 9 2 0 2
8 12 8 1 12 12 8 12 1 8
11 11 11 3 6 9 6 0 6 9
12 12 1 12 1 12 1 12 12 1
0 0 9 0 9 9 11 3 11 2
3 3 3 3 10 3 10 10 10 3
8 8 12 8 9 0 4 2 9 10
0 12 0 0 12 0 12 1 12 4
11 3 11 10 3 10 1 10 1 3
9 9 12 9 9 9 9 9 9 9
12 9 12 9 4 9 2 4 2 0
3 3 5 3 3 3 3 3 3 9
8 8 8 1 1 8 1 9 9 0
1 1 11 1 1 1 10 3 1 10
1 3 1 1 1 10 1 11 1 10
11 11 11 0 1 0 6 0 0 9
11 3 11 1 11 1 1 1 3 1
12 8 1 8 12 4 9 4 2 10
1 1 1 3 9 10 10 2 1 10
11 11 10 0 0 1 0 0 9 6
1 8 12 8 12 1 12 4 4 4
3 8 8 3 1 8 1 2 2 1
3 0 2 2 6 0 9 6 9 6
10 10 10 3 10 10 3 10 10 3
3 3 3 10 11 11 3 10 10 10
11 3 11 11 3 11 11 3 11 1
3 9 3 11 9 11 9 11 0 11
9 9 8 9 8 9 1 9 9 0
10 10 10 0 9 9 10 9 2 9
11 1 1 9 6 9 0 12 9 4
12 9 9 12 9 9 0 9 0 2
3 3 3 3 3 10 10 1 10 0
12 8 1 12 8 4 9 2 0 2
3 3 3 3 3 3 3 3 10 10
0 1 0 10 1 10 10 1 10 10
8 9 8 12 9 1 9 2 9 0
3 1 9 2 0 2 2 0 9 10
3 1 1 3 1 1 3 2 0 12
11 11 1 1 1 6 1 12 9 12
9 9 9 3 9 1 9 6 9 1
3 3 9 3 11 9 6 6 0 11
